nan nan
-127.394272 43.016276
-127.212475 43.020056
-127.038169 43.023409
-126.871049 43.026373
-126.710821 43.028985
-126.557205 43.031278
-126.409930 43.033283
-126.268738 43.035027
-126.133378 43.036535
-126.003611 43.037830
-125.879208 43.038933
-125.759949 43.039863
-125.645622 43.040639
-125.536023 43.041274
-125.430959 43.041785
-125.330242 43.042185
-125.233693 43.042484
-125.141141 43.042694
-125.052419 43.042826
-124.967386 43.042881
-124.873829 43.043950
-124.791755 43.044824
-124.719754 43.045543
-124.656591 43.046136
-124.601181 43.046628
-124.552573 43.047037
-124.509932 43.047379
-124.472525 43.047666
-124.439710 43.047908
-124.437409 43.072227
-124.435108 43.096547
-124.426865 43.119953
-124.416290 43.143045
-124.408370 43.166723
-124.401727 43.190605
-124.395484 43.214551
-124.389652 43.238551
-124.384059 43.262583
-124.389113 43.286050
-124.398411 43.309186
-124.383878 43.331132
-124.355407 43.343021
-124.336633 43.363184
-124.317745 43.383294
-124.303357 43.405273
-124.289784 43.427539
-124.278346 43.450447
-124.267180 43.473426
-124.256890 43.496619
-124.247637 43.520045
-124.239019 43.543600
-124.229469 43.566966
-124.222845 43.590861
-124.216720 43.614825
-124.210935 43.638836
-124.205268 43.662863
-124.198870 43.686785
-124.191716 43.710602
-124.184814 43.734457
-124.179014 43.758468
-124.173255 43.782484
-124.168496 43.806614
-124.163900 43.830761
-124.159301 43.854909
-124.154828 43.879067
-124.151355 43.903313
-124.147820 43.927554
-124.144080 43.951779
-124.140299 43.976001
-124.135778 44.000156
-124.132166 44.024374
-124.130351 44.048714
-124.127944 44.073026
-124.125222 44.097322
-124.122501 44.121618
-124.119780 44.145914
-124.117207 44.170218
-124.115192 44.194550
-124.113178 44.218881
-124.111220 44.243215
-124.109686 44.267565
-124.108153 44.291914
-124.106530 44.316254
-124.098489 44.339935
-124.092389 44.363870
-124.088475 44.388082
-124.084590 44.412297
-124.081310 44.436526
-124.082992 44.460869
-124.084634 44.485215
-124.081006 44.509286
-124.076733 44.524484
-124.074414 44.542123
-124.072216 44.559701
-124.070629 44.571115
-124.068920 44.582284
-124.068188 44.599496
-124.067333 44.616281
-124.063121 44.632089
-124.059215 44.647897
-124.059886 44.668283
-124.078319 44.675119
-124.070689 44.686533
-124.063609 44.700693
-124.061411 44.719309
-124.059702 44.740732
-124.066904 44.756113
-124.074106 44.771311
-124.072519 44.783884
-124.070810 44.796336
-124.068124 44.812327
-124.065316 44.828501
-124.058114 44.834910
-124.050911 44.841502
-124.044136 44.859935
-124.037117 44.878306
-124.031318 44.899486
-124.025519 44.920726
-124.022712 44.937694
-124.019782 44.954723
-124.016486 44.972484
-124.013189 44.990490
-124.010504 45.003490
-124.007696 45.016491
-124.011602 45.032299
-124.015386 45.047924
-124.013310 45.063732
-124.011113 45.079295
-123.999882 45.086925
-123.988590 45.094493
-123.985111 45.106089
-123.981693 45.117686
-123.977604 45.130931
-123.973514 45.144297
-123.971011 45.159739
-123.968692 45.175120
-123.966983 45.189524
-123.965212 45.203684
-123.970095 45.211740
-123.974795 45.219492
-123.970095 45.240732
-123.965211 45.262094
-123.963197 45.288095
-123.961182 45.314096
-123.966981 45.325937
-123.972779 45.337900
-123.990601 45.337106
-124.008484 45.336313
-123.990906 45.344125
-123.973511 45.352121
-123.967590 45.376291
-123.961792 45.400705
-123.959106 45.418100
-123.956298 45.435495
-123.964110 45.450937
-123.972106 45.466317
-123.973509 45.478524
-123.974791 45.490915
-123.964903 45.498117
-123.955015 45.505502
-123.952574 45.522897
-123.950193 45.540292
-123.953977 45.554696
-123.957700 45.569283
-123.952207 45.587716
-123.946775 45.605904
-123.943906 45.624886
-123.941281 45.643685
-123.940182 45.658089
-123.939206 45.672493
-123.938900 45.687935
-123.938473 45.703316
-123.941585 45.717720
-123.944698 45.731880
-123.953975 45.738533
-123.963191 45.745125
-123.973079 45.754708
-123.982905 45.764290
-123.975520 45.772896
-123.968013 45.781319
-123.964595 45.802925
-123.961176 45.824532
-123.961115 45.840889
-123.960993 45.857124
-123.961969 45.870918
-123.963007 45.884529
-123.964777 45.897285
-123.966485 45.909920
-123.975213 45.914497
-123.983880 45.919136
-123.988580 45.931892
-123.993218 45.944710
-123.980523 45.957283
-123.967889 45.970100
-123.951104 45.974494
-123.934320 45.978889
-123.930779 45.998115
-123.927422 46.017279
-123.927788 46.033331
-123.928094 46.049506
-123.930169 46.060736
-123.932183 46.072088
-123.934502 46.081915
-123.937004 46.091924
-123.943513 46.103129
-123.948138 46.115564
-123.953319 46.127059
-123.958724 46.137976
-123.962944 46.146815
-123.968869 46.155360
-123.974167 46.164077
-123.977476 46.169549
-123.979549 46.172984
-123.980850 46.175138
-123.982480 46.177840
-123.984110 46.180541
-123.985786 46.183228
-123.987546 46.185890
-123.988213 46.188422
-123.990900 46.191585
-123.993164 46.194958
-123.994704 46.198231
-123.997465 46.201292
-123.999375 46.204417
-124.002118 46.207705
-124.004497 46.210906
-124.006527 46.214191
-124.009029 46.217724
-124.010720 46.220850
-124.012750 46.224063
-124.015848 46.226509
-124.020383 46.228065
-124.023000 46.228679
-124.025032 46.229171
-124.027309 46.229683
-124.029587 46.230194
-124.031757 46.230663
-124.034147 46.231141
-124.036374 46.231596
-124.038542 46.232053
-124.040769 46.232638
-124.043085 46.233099
-124.045051 46.232820
-124.047637 46.232718
-124.050088 46.232798
-124.052344 46.232907
-124.054754 46.233034
-124.056962 46.233078
-124.059365 46.233160
-124.061884 46.233217
-124.064226 46.233323
-124.066613 46.233374
-124.068895 46.233401
-124.071109 46.233551
-124.073602 46.233551
-124.075780 46.233702
-124.078097 46.233778
-124.080519 46.233780
-124.082977 46.233622
-124.085318 46.233504
-124.085103 46.234433
-124.082484 46.234284
-124.080154 46.234358
-124.077822 46.234398
-124.075490 46.234405
-124.073158 46.234352
-124.070839 46.234162
-124.068486 46.234063
-124.066311 46.234034
-124.063990 46.233836
-124.061742 46.233736
-124.059213 46.233662
-124.056720 46.233588
-124.054532 46.233488
-124.052190 46.233408
-124.049841 46.233323
-124.047570 46.233243
-124.045065 46.233403
-124.042891 46.233520
-124.040567 46.233103
-124.038322 46.232655
-124.036101 46.232116
-124.033976 46.231604
-124.031505 46.231092
-124.029330 46.230614
-124.027133 46.230110
-124.024781 46.229679
-124.022594 46.229527
-124.019588 46.230057
-124.018138 46.231078
-124.016415 46.232188
-124.014681 46.233290
-124.012791 46.234247
-124.010760 46.235068
-124.008653 46.235789
-124.006436 46.236315
-124.004127 46.236598
-124.001850 46.236400
-124.000026 46.235444
-123.998487 46.234211
-123.996805 46.232914
-123.997119 46.231490
-123.996953 46.230053
-123.995468 46.229044
-123.993591 46.228406
-123.991654 46.227858
-123.989741 46.227273
-123.987809 46.226717
-123.986756 46.225317
-123.986809 46.223659
-123.988237 46.223354
-123.989563 46.223541
-123.990812 46.224111
-123.992081 46.224658
-123.993416 46.225074
-123.994901 46.225187
-123.995897 46.224498
-123.996992 46.223827
-123.998312 46.223341
-123.999696 46.223716
-124.001053 46.223996
-124.002163 46.223302
-124.000753 46.222638
-123.999253 46.222084
-123.997713 46.221578
-123.996248 46.220975
-123.994752 46.220409
-123.993243 46.219860
-123.991733 46.219312
-123.990223 46.218764
-123.988713 46.218215
-123.987204 46.217667
-123.985694 46.217119
-123.984185 46.216570
-123.982675 46.216022
-123.981166 46.215473
-123.981519 46.214948
-123.982837 46.215435
-123.984156 46.215921
-123.985474 46.216408
-123.986792 46.216894
-123.988110 46.217380
-123.989429 46.217867
-123.990747 46.218353
-123.992065 46.218840
-123.993384 46.219326
-123.994702 46.219812
-123.996021 46.220299
-123.996516 46.219295
-123.996647 46.218268
-123.996394 46.217223
-123.995889 46.216222
-123.995228 46.215268
-123.994485 46.214341
-123.993703 46.213429
-123.992892 46.212530
-123.992065 46.211638
-123.991220 46.210754
-123.990326 46.209893
-123.989318 46.209099
-123.988181 46.208403
-123.986836 46.207900
-123.985354 46.207668
-123.983839 46.207559
-123.982311 46.207548
-123.980787 46.207631
-123.979292 46.207830
-123.977918 46.208215
-123.976928 46.209023
-123.976025 46.209879
-123.975349 46.210810
-123.974987 46.211841
-123.975978 46.212482
-123.976968 46.213123
-123.978099 46.213636
-123.977693 46.214144
-123.976204 46.213588
-123.974714 46.213033
-123.973225 46.212477
-123.971317 46.211778
-123.969079 46.210992
-123.966860 46.210181
-123.964630 46.209386
-123.962434 46.208547
-123.959971 46.208018
-123.958005 46.207558
-123.955954 46.207412
-123.954329 46.207719
-123.951967 46.207304
-123.950435 46.206128
-123.950314 46.204712
-123.951231 46.204101
-123.951883 46.203515
-123.951824 46.202671
-123.950722 46.201822
-123.948967 46.201885
-123.947921 46.202739
-123.947028 46.203379
-123.945595 46.202136
-123.944008 46.200986
-123.942305 46.199919
-123.940538 46.198903
-123.938749 46.197906
-123.936951 46.196916
-123.935130 46.195948
-123.933276 46.195009
-123.931400 46.194092
-123.929473 46.193227
-123.927500 46.192417
-123.925402 46.191773
-123.923330 46.191090
-123.922758 46.189491
-123.922730 46.188118
-123.922618 46.186793
-123.922757 46.185444
-123.922697 46.183782
-123.922128 46.182719
-123.921172 46.181518
-123.920300 46.180287
-123.919399 46.179067
-123.918016 46.178473
-123.916123 46.178933
-123.914457 46.179719
-123.912976 46.180654
-123.911832 46.181806
-123.910781 46.183001
-123.909030 46.182264
-123.908354 46.181912
-123.907648 46.181590
-123.906917 46.181295
-123.907690 46.179729
-123.908384 46.178253
-123.909176 46.176609
-123.907830 46.175916
-123.906611 46.175108
-123.905345 46.174336
-123.904646 46.173190
-123.905005 46.171939
-123.905186 46.170828
-123.904274 46.169947
-123.903138 46.168818
-123.902678 46.167615
-123.902137 46.166230
-123.900422 46.166025
-123.899020 46.165745
-123.897410 46.165564
-123.895378 46.165264
-123.893516 46.164943
-123.891856 46.165725
-123.889710 46.166397
-123.888191 46.167057
-123.886668 46.167712
-123.885137 46.168358
-123.883594 46.168991
-123.881753 46.169746
-123.879913 46.170500
-123.878078 46.171261
-123.876257 46.172035
-123.874296 46.172625
-123.875590 46.171641
-123.877229 46.170947
-123.878884 46.170272
-123.880526 46.169583
-123.882160 46.168884
-123.883805 46.168197
-123.885427 46.167485
-123.887095 46.166826
-123.888723 46.166121
-123.890349 46.165413
-123.888847 46.164601
-123.887056 46.164439
-123.885162 46.164608
-123.883266 46.164761
-123.881363 46.164869
-123.879467 46.164837
-123.877644 46.164486
-123.876016 46.163821
-123.874628 46.162969
-123.873041 46.162184
-123.871227 46.161400
-123.869403 46.160792
-123.867752 46.160184
-123.866609 46.159627
-123.865346 46.159043
-123.863261 46.158636
-123.861982 46.157795
-123.861781 46.156499
-123.862237 46.154919
-123.862802 46.153561
-123.863699 46.152318
-123.864612 46.151109
-123.865298 46.149833
-123.865631 46.148488
-123.866210 46.147183
-123.866197 46.145934
-123.866704 46.144650
-123.867134 46.143255
-123.867666 46.141929
-123.868345 46.140711
-123.869402 46.139540
-123.870458 46.138244
-123.871526 46.137112
-123.872881 46.136118
-123.872383 46.135818
-123.871871 46.135529
-123.871354 46.135244
-123.870014 46.136303
-123.868745 46.137403
-123.867495 46.138513
-123.866381 46.139690
-123.865475 46.140948
-123.864928 46.142306
-123.864465 46.143680
-123.864040 46.145059
-123.863602 46.146436
-123.862984 46.147522
-123.862184 46.148548
-123.861281 46.149532
-123.860305 46.150482
-123.859341 46.151436
-123.858502 46.152447
-123.857763 46.153311
-123.857102 46.154205
-123.856590 46.155145
-123.856230 46.156118
-123.855787 46.157075
-123.854301 46.157537
-123.852690 46.157453
-123.851432 46.157944
-123.849927 46.158282
-123.848362 46.158690
-123.847002 46.159126
-123.845581 46.159676
-123.844074 46.159928
-123.842596 46.160536
-123.841472 46.161424
-123.840491 46.162414
-123.839734 46.163518
-123.839255 46.164718
-123.838811 46.165946
-123.837079 46.166006
-123.836539 46.164466
-123.835260 46.163502
-123.833333 46.164258
-123.831417 46.164272
-123.829508 46.164371
-123.827666 46.164690
-123.827272 46.165760
-123.827622 46.166678
-123.827363 46.168008
-123.826551 46.169224
-123.825160 46.169320
-123.823763 46.169292
-123.822413 46.169049
-123.821598 46.167826
-123.820958 46.166566
-123.820666 46.165233
-123.820399 46.163898
-123.820284 46.162552
-123.820300 46.161342
-123.820396 46.160136
-123.820570 46.158932
-123.820592 46.157629
-123.820543 46.156325
-123.820458 46.155022
-123.820360 46.153720
-123.820031 46.152444
-123.819538 46.151265
-123.818951 46.150110
-123.818234 46.148988
-123.817510 46.147868
-123.816767 46.146754
-123.816026 46.145640
-123.815207 46.144316
-123.814601 46.142938
-123.814058 46.141547
-123.813768 46.140121
-123.813657 46.138681
-123.813461 46.137247
-123.813298 46.135810
-123.813164 46.134372
-123.812326 46.134512
-123.811388 46.134669
-123.810597 46.134818
-123.809807 46.134967
-123.810126 46.136437
-123.810383 46.137913
-123.810494 46.139398
-123.810809 46.140869
-123.811415 46.142295
-123.811941 46.143736
-123.812697 46.145127
-123.811861 46.146658
-123.811756 46.147732
-123.812887 46.148848
-123.813588 46.150119
-123.813650 46.151504
-123.813676 46.152884
-123.812964 46.154178
-123.812252 46.155473
-123.811388 46.156718
-123.810438 46.157936
-123.809488 46.159154
-123.808635 46.160406
-123.807815 46.161669
-123.809620 46.162246
-123.811007 46.163432
-123.811614 46.164760
-123.811871 46.166178
-123.812007 46.167504
-123.812141 46.168673
-123.812538 46.169747
-123.814262 46.170510
-123.815923 46.170961
-123.817631 46.171005
-123.818855 46.170718
-123.819936 46.170207
-123.822044 46.170671
-123.823523 46.171693
-123.825294 46.172197
-123.827064 46.172597
-123.828895 46.172823
-123.830729 46.172761
-123.832410 46.172207
-123.834154 46.171765
-123.835975 46.171546
-123.837831 46.171611
-123.839662 46.171825
-123.841404 46.172281
-123.843253 46.172424
-123.845092 46.172622
-123.846214 46.173201
-123.847337 46.173779
-123.847073 46.174860
-123.848430 46.176069
-123.849815 46.176675
-123.851109 46.177231
-123.852602 46.177824
-123.854776 46.177907
-123.856641 46.178779
-123.858817 46.179129
-123.860356 46.179931
-123.860682 46.181053
-123.861244 46.181942
-123.862123 46.183292
-123.863319 46.184295
-123.864634 46.185301
-123.865745 46.186447
-123.866999 46.187535
-123.865949 46.189014
-123.863868 46.189447
-123.862124 46.189838
-123.859845 46.189954
-123.857247 46.190569
-123.855829 46.190368
-123.854810 46.190635
-123.853948 46.190807
-123.853141 46.190259
-123.852027 46.190350
-123.850830 46.190368
-123.849911 46.190704
-123.848837 46.191018
-123.847721 46.191259
-123.846864 46.191786
-123.845839 46.192140
-123.843896 46.191567
-123.841499 46.191440
-123.839115 46.191648
-123.836755 46.191343
-123.834382 46.191074
-123.832058 46.190646
-123.830761 46.190580
-123.829478 46.190436
-123.828218 46.190217
-123.826950 46.190024
-123.825660 46.189916
-123.824362 46.189873
-123.823067 46.189954
-123.821800 46.190157
-123.820559 46.190424
-123.819327 46.190714
-123.818098 46.191009
-123.816870 46.191307
-123.815644 46.191609
-123.814420 46.191913
-123.813196 46.192219
-123.811971 46.192523
-123.810746 46.192826
-123.809520 46.193128
-123.808293 46.193427
-123.807059 46.193714
-123.805822 46.193994
-123.804577 46.194254
-123.803327 46.194955
-123.801905 46.195190
-123.800812 46.195738
-123.800138 46.196670
-123.799095 46.197118
-123.797148 46.195989
-123.795994 46.195997
-123.794491 46.196019
-123.793397 46.196528
-123.791883 46.196691
-123.790875 46.196887
-123.789452 46.197095
-123.788173 46.197356
-123.786931 46.197526
-123.785925 46.197848
-123.784646 46.198181
-123.783601 46.198530
-123.782286 46.198842
-123.781413 46.199598
-123.780359 46.200181
-123.779369 46.200764
-123.778545 46.201184
-123.777360 46.201696
-123.776086 46.202344
-123.772379 46.199358
-123.768872 46.196770
-123.765366 46.194183
-123.762694 46.191223
-123.760771 46.187931
-123.758848 46.184638
-123.758984 46.181321
-123.760741 46.177984
-123.762499 46.174647
-123.764256 46.171310
-123.761935 46.168435
-123.758744 46.165658
-123.755554 46.162881
-123.752363 46.160104
-123.749173 46.157327
-123.745629 46.154949
-123.740626 46.154217
-123.735623 46.153486
-123.730619 46.152754
-123.725616 46.152021
-123.720613 46.151289
-123.718688 46.152860
-123.719369 46.156382
-123.720049 46.159904
-123.720729 46.163426
-123.724104 46.165486
-123.728855 46.166800
-123.733607 46.168114
-123.738359 46.169428
-123.743112 46.170741
-123.747864 46.172054
-123.745129 46.174906
-123.742170 46.177804
-123.738831 46.180840
-123.737952 46.179637
-123.736790 46.178394
-123.735868 46.177266
-123.734699 46.176085
-123.733583 46.174913
-123.732467 46.173858
-123.731186 46.173151
-123.729760 46.172551
-123.728880 46.172180
-123.727827 46.171737
-123.726294 46.171360
-123.725542 46.171201
-123.724345 46.170949
-123.722700 46.170960
-123.721513 46.171027
-123.720021 46.171111
-123.718865 46.170948
-123.717953 46.170530
-123.716241 46.170370
-123.713935 46.170340
-123.712654 46.170474
-123.711260 46.170824
-123.709677 46.171539
-123.707706 46.171403
-123.705736 46.171246
-123.703772 46.171057
-123.701808 46.170867
-123.700563 46.168780
-123.699151 46.166752
-123.697513 46.164800
-123.694321 46.164631
-123.691074 46.164523
-123.687827 46.164415
-123.684580 46.164307
-123.681333 46.164199
-123.678087 46.164090
-123.674840 46.163982
-123.671593 46.163874
-123.668346 46.163765
-123.665100 46.163657
-123.661853 46.163548
-123.658606 46.163439
-123.655410 46.163621
-123.652294 46.164264
-123.649409 46.165291
-123.646558 46.166376
-123.643707 46.167461
-123.640855 46.168546
-123.638004 46.169631
-123.635153 46.170716
-123.632301 46.171801
-123.629450 46.172885
-123.626598 46.173970
-123.623746 46.175054
-123.620894 46.176139
-123.618042 46.177223
-123.615208 46.178330
-123.612420 46.179492
-123.609650 46.180675
-123.606887 46.181865
-123.604125 46.183056
-123.601362 46.184247
-123.598598 46.185438
-123.598666 46.183200
-123.598787 46.180964
-123.598993 46.178730
-123.599002 46.176493
-123.598826 46.174266
-123.598037 46.172096
-123.596166 46.170419
-123.593544 46.169317
-123.590452 46.169946
-123.589289 46.171679
-123.589022 46.173908
-123.589087 46.176146
-123.589075 46.178384
-123.588976 46.180621
-123.587767 46.182672
-123.585620 46.183507
-123.582531 46.182870
-123.580115 46.181389
-123.577531 46.180073
-123.574708 46.179027
-123.571722 46.179869
-123.572771 46.181471
-123.574857 46.183161
-123.577416 46.184521
-123.579261 46.186281
-123.580382 46.188279
-123.578110 46.189867
-123.575758 46.191396
-123.573353 46.192886
-123.570944 46.194373
-123.568362 46.195690
-123.565530 46.196758
-123.562392 46.196775
-123.559183 46.196634
-123.555971 46.196818
-123.552812 46.197222
-123.549688 46.197774
-123.546544 46.198270
-123.543375 46.198468
-123.540169 46.198238
-123.537328 46.197247
-123.534967 46.195880
-123.534087 46.193726
-123.531678 46.192798
-123.528471 46.192717
-123.525252 46.192834
-123.522100 46.192369
-123.518964 46.192327
-123.515852 46.192909
-123.517860 46.194305
-123.520617 46.195420
-123.523268 46.196512
-123.524253 46.198643
-123.522176 46.199844
-123.519187 46.200536
-123.515974 46.200359
-123.512761 46.200407
-123.509565 46.200603
-123.511242 46.202514
-123.514030 46.203298
-123.517030 46.203877
-123.518871 46.205715
-123.519589 46.207779
-123.519448 46.210015
-123.519144 46.212243
-123.518729 46.214461
-123.518152 46.216663
-123.515792 46.218036
-123.513888 46.216526
-123.511643 46.215456
-123.508502 46.215964
-123.506717 46.217755
-123.504590 46.219195
-123.501414 46.219582
-123.501192 46.221195
-123.503201 46.222458
-123.506410 46.222684
-123.509453 46.223392
-123.512303 46.224372
-123.514662 46.225898
-123.516255 46.227799
-123.517267 46.229877
-123.516707 46.232081
-123.515193 46.233969
-123.513072 46.235656
-123.510668 46.235443
-123.508257 46.235278
-123.505841 46.235147
-123.503422 46.235035
-123.501024 46.234792
-123.498689 46.234363
-123.496426 46.233771
-123.494244 46.233039
-123.492152 46.232190
-123.490057 46.231344
-123.487984 46.230475
-123.485956 46.229554
-123.484115 46.228461
-123.482515 46.227208
-123.481146 46.225827
-123.479997 46.224346
-123.478874 46.222856
-123.477669 46.221397
-123.476416 46.219958
-123.475149 46.218525
-123.473747 46.217153
-123.472153 46.215893
-123.470402 46.214733
-123.468534 46.213663
-123.466495 46.212755
-123.464430 46.211876
-123.462326 46.211043
-123.460173 46.210272
-123.457989 46.209545
-123.455829 46.208784
-123.453709 46.207972
-123.451643 46.207094
-123.449834 46.205976
-123.447994 46.204883
-123.446107 46.203830
-123.444157 46.202832
-123.442168 46.201871
-123.440250 46.200846
-123.438455 46.199724
-123.436835 46.198474
-123.435750 46.197056
-123.434941 46.195548
-123.434158 46.194033
-123.433524 46.192486
-123.433107 46.190903
-123.432854 46.189303
-123.432805 46.187695
-123.432767 46.186085
-123.432695 46.184476
-123.432616 46.182867
-123.432483 46.181261
-123.432215 46.179662
-123.431736 46.178088
-123.430913 46.176587
-123.429721 46.175209
-123.428318 46.173929
-123.429374 46.172599
-123.426883 46.170529
-123.424625 46.168337
-123.422492 46.166082
-123.420359 46.163827
-123.417987 46.161698
-123.415455 46.159651
-123.413516 46.157400
-123.412698 46.154762
-123.411880 46.152124
-123.410489 46.149622
-123.408462 46.147352
-123.405866 46.145345
-123.403271 46.143338
-123.400624 46.141364
-123.397731 46.139591
-123.394485 46.138111
-123.391240 46.136630
-123.387995 46.135149
-123.384750 46.133668
-123.381505 46.132187
-123.378261 46.130706
-123.375016 46.129225
-123.372050 46.127524
-123.369520 46.125477
-123.367036 46.123404
-123.363781 46.122039
-123.360208 46.120988
-123.356592 46.120009
-123.352975 46.119030
-123.349360 46.118051
-123.345716 46.117124
-123.342033 46.116275
-123.338346 46.115433
-123.334660 46.114591
-123.330928 46.113869
-123.327124 46.113337
-123.323280 46.112970
-123.319436 46.112603
-123.315592 46.112236
-123.311748 46.111869
-123.307904 46.111502
-123.304036 46.111490
-123.300159 46.111604
-123.296283 46.111723
-123.292406 46.111842
-123.288530 46.111961
-123.284654 46.112080
-123.280778 46.112199
-123.276901 46.112317
-123.273043 46.112586
-123.269194 46.112928
-123.265351 46.113299
-123.261507 46.113671
-123.257664 46.114042
-123.253821 46.114413
-123.249977 46.114784
-123.246134 46.115155
-123.243052 46.116628
-123.240375 46.118576
-123.237699 46.120391
-123.233850 46.120352
-123.230426 46.119083
-123.227001 46.117813
-123.223577 46.116544
-123.220175 46.115250
-123.217083 46.113620
-123.214088 46.111905
-123.211304 46.110038
-123.208908 46.107936
-123.207556 46.105406
-123.206432 46.102825
-123.207664 46.100860
-123.210992 46.099473
-123.214319 46.098086
-123.214812 46.095689
-123.211766 46.094019
-123.208087 46.093712
-123.204254 46.094059
-123.200462 46.094626
-123.196670 46.095194
-123.192877 46.095761
-123.189085 46.096328
-123.185293 46.096895
-123.181500 46.097462
-123.177708 46.098029
-123.177238 46.099286
-123.180239 46.100977
-123.183442 46.102498
-123.186646 46.104020
-123.189850 46.105542
-123.192920 46.107187
-123.195470 46.109134
-123.196911 46.111640
-123.198351 46.114146
-123.199792 46.116651
-123.200283 46.119101
-123.197990 46.121222
-123.194729 46.122684
-123.191467 46.124146
-123.188205 46.125608
-123.184899 46.127018
-123.181434 46.128234
-123.177919 46.129377
-123.174397 46.130511
-123.170798 46.131411
-123.168046 46.130584
-123.167700 46.127896
-123.167354 46.125208
-123.166922 46.122527
-123.166147 46.119900
-123.164755 46.117381
-123.163363 46.114862
-123.161796 46.112395
-123.159766 46.110138
-123.157014 46.108259
-123.154127 46.109893
-123.154268 46.112589
-123.155358 46.115166
-123.156592 46.117725
-123.157827 46.120283
-123.159061 46.122841
-123.160247 46.125411
-123.160979 46.128045
-123.161324 46.130733
-123.161670 46.133420
-123.162015 46.136108
-123.161462 46.138714
-123.160094 46.141239
-123.158596 46.143729
-123.159876 46.145084
-123.161401 46.146311
-123.163154 46.147381
-123.165129 46.148243
-123.167306 46.148822
-123.169568 46.149222
-123.171833 46.149614
-123.174017 46.150180
-123.176045 46.150982
-123.177994 46.151875
-123.179889 46.152823
-123.181716 46.153833
-123.183465 46.154908
-123.185124 46.156049
-123.186678 46.157260
-123.188088 46.158553
-123.189352 46.159917
-123.190500 46.161330
-123.191558 46.162776
-123.192558 46.164243
-123.193540 46.165715
-123.194132 46.167282
-123.194384 46.168894
-123.194682 46.170504
-123.194973 46.172114
-123.195233 46.173726
-123.195466 46.175341
-123.193649 46.176461
-123.191763 46.177523
-123.189824 46.178579
-123.187263 46.178918
-123.185255 46.179742
-123.183308 46.180728
-123.181056 46.181489
-123.178704 46.181911
-123.179065 46.182495
-123.179469 46.183065
-123.179815 46.183653
-123.180196 46.184230
-123.180579 46.184807
-123.180952 46.185388
-123.181364 46.185955
-123.181767 46.186526
-123.184109 46.186143
-123.186283 46.185545
-123.188171 46.184641
-123.190273 46.183797
-123.192450 46.183220
-123.194516 46.182458
-123.196512 46.181609
-123.198412 46.180750
-123.200512 46.179924
-123.202478 46.179093
-123.204518 46.178345
-123.206775 46.177735
-123.208859 46.176952
-123.211004 46.176345
-123.213140 46.175681
-123.215264 46.175000
-123.217284 46.174025
-123.219462 46.173567
-123.221771 46.173090
-123.223672 46.172284
-123.225919 46.171660
-123.228038 46.170968
-123.230220 46.170394
-123.232274 46.169618
-123.234203 46.168702
-123.235724 46.167650
-123.237991 46.166799
-123.239872 46.165835
-123.241613 46.164681
-123.243624 46.163902
-123.245280 46.162763
-123.246575 46.161463
-123.248886 46.160420
-123.250764 46.159774
-123.252782 46.158976
-123.254569 46.157580
-123.256393 46.156905
-123.258167 46.155885
-123.260250 46.155070
-123.262231 46.154116
-123.264385 46.153568
-123.266518 46.152836
-123.268810 46.152530
-123.271078 46.152136
-123.273277 46.151463
-123.275482 46.150985
-123.277818 46.150881
-123.280153 46.150796
-123.281451 46.150667
-123.282739 46.150858
-123.284021 46.150986
-123.285293 46.151157
-123.286560 46.151347
-123.287823 46.151548
-123.289085 46.151750
-123.290349 46.151949
-123.291684 46.152083
-123.292846 46.152238
-123.294118 46.152622
-123.295292 46.153000
-123.297665 46.153718
-123.300137 46.154381
-123.302480 46.155035
-123.304946 46.155476
-123.307304 46.156320
-123.309653 46.157074
-123.312017 46.157805
-123.314362 46.158565
-123.316668 46.159380
-123.318950 46.160229
-123.321185 46.161135
-123.323487 46.161956
-123.325827 46.162723
-123.328203 46.163521
-123.329983 46.164912
-123.331260 46.166429
-123.332956 46.167827
-123.334561 46.169197
-123.336367 46.170485
-123.338148 46.171788
-123.339845 46.173145
-123.341692 46.174404
-123.343580 46.175634
-123.345314 46.176968
-123.346634 46.178512
-123.347996 46.180040
-123.349705 46.181387
-123.351643 46.182579
-123.353426 46.183881
-123.355198 46.185191
-123.357109 46.186403
-123.359004 46.187629
-123.360969 46.188800
-123.362796 46.190073
-123.364680 46.191305
-123.366750 46.192384
-123.368976 46.193299
-123.371276 46.194125
-123.373575 46.194952
-123.375890 46.195758
-123.378268 46.196469
-123.380647 46.197180
-123.382869 46.198091
-123.384625 46.199408
-123.385354 46.202961
-123.386082 46.206514
-123.387257 46.210009
-123.388457 46.213500
-123.387738 46.216903
-123.385310 46.219751
-123.380191 46.220256
-123.375071 46.220760
-123.371994 46.222898
-123.366883 46.223441
-123.361757 46.223653
-123.356607 46.223329
-123.355236 46.226113
-123.358463 46.228754
-123.362864 46.230559
-123.367542 46.232089
-123.372021 46.233884
-123.373130 46.236377
-123.370832 46.239592
-123.368632 46.242825
-123.369815 46.246148
-123.372257 46.245236
-123.374800 46.242304
-123.379665 46.241086
-123.384708 46.240317
-123.389769 46.239698
-123.393706 46.242025
-123.395535 46.245319
-123.396989 46.248762
-123.398390 46.252216
-123.400842 46.255287
-123.404555 46.257778
-123.408406 46.260173
-123.415578 46.264648
-123.419920 46.266600
-123.424850 46.267598
-123.429921 46.268272
-123.435080 46.268556
-123.440239 46.268840
-123.445363 46.269286
-123.450424 46.270038
-123.455501 46.270724
-123.453896 46.272676
-123.452414 46.274672
-123.451043 46.276707
-123.449686 46.278747
-123.447862 46.280498
-123.445093 46.281664
-123.443045 46.283387
-123.440725 46.284799
-123.437577 46.285332
-123.434376 46.285681
-123.431305 46.286328
-123.428359 46.287263
-123.425763 46.288602
-123.423863 46.290254
-123.423288 46.292464
-123.425766 46.292927
-123.428967 46.292711
-123.432115 46.292177
-123.435159 46.291413
-123.437796 46.291276
-123.438965 46.293320
-123.438218 46.295506
-123.437636 46.297713
-123.437214 46.299941
-123.438768 46.301894
-123.441070 46.302957
-123.444305 46.302808
-123.444972 46.300933
-123.445776 46.298783
-123.447094 46.296748
-123.449024 46.294943
-123.450958 46.293140
-123.452895 46.291339
-123.454854 46.289550
-123.457339 46.288784
-123.458542 46.289961
-123.457168 46.291996
-123.456951 46.294220
-123.457652 46.296211
-123.460188 46.297611
-123.463315 46.297821
-123.466340 46.298244
-123.468895 46.299627
-123.467023 46.301021
-123.466333 46.302249
-123.469306 46.303143
-123.472266 46.304059
-123.473910 46.305750
-123.475098 46.307725
-123.477950 46.308794
-123.480807 46.308427
-123.480558 46.306429
-123.479544 46.304304
-123.478152 46.302275
-123.477309 46.300119
-123.479042 46.299086
-123.482253 46.298779
-123.485463 46.298471
-123.487436 46.297348
-123.485987 46.296258
-123.482749 46.296358
-123.479508 46.296346
-123.476644 46.295761
-123.474520 46.294065
-123.472921 46.292124
-123.471510 46.290103
-123.470281 46.288024
-123.468909 46.285991
-123.467441 46.283988
-123.465868 46.282024
-123.464324 46.280049
-123.462820 46.278059
-123.461377 46.276048
-123.460217 46.273983
-123.460037 46.271740
-123.462037 46.271832
-123.464038 46.271924
-123.466040 46.271984
-123.468044 46.272017
-123.470048 46.272049
-123.472274 46.272568
-123.474552 46.272972
-123.476837 46.273353
-123.479135 46.273697
-123.481465 46.273906
-123.483811 46.274011
-123.486158 46.274098
-123.488508 46.274117
-123.490859 46.274097
-123.493207 46.274028
-123.495550 46.273887
-123.497889 46.273728
-123.500189 46.273402
-123.502429 46.272910
-123.504569 46.272239
-123.506690 46.271537
-123.508792 46.270807
-123.510869 46.270043
-123.512944 46.269277
-123.515046 46.268549
-123.517221 46.267936
-123.519509 46.267564
-123.521845 46.267630
-123.524160 46.267896
-123.526490 46.268052
-123.528833 46.268040
-123.531149 46.267776
-123.533497 46.267695
-123.535840 46.267566
-123.538182 46.267434
-123.540516 46.267248
-123.542787 46.266835
-123.544974 46.266238
-123.547204 46.265725
-123.549520 46.265484
-123.551868 46.265434
-123.554170 46.265121
-123.556456 46.264745
-123.558773 46.264472
-123.561006 46.263978
-123.562918 46.263072
-123.564022 46.261647
-123.565878 46.260997
-123.568220 46.261146
-123.570525 46.261467
-123.572855 46.261670
-123.575202 46.261607
-123.577495 46.261260
-123.579756 46.260811
-123.582072 46.260535
-123.584419 46.260432
-123.586764 46.260307
-123.589113 46.260264
-123.591461 46.260370
-123.593799 46.260545
-123.596136 46.260735
-123.598473 46.260916
-123.600806 46.261123
-123.603154 46.261217
-123.605318 46.261271
-123.607467 46.260694
-123.609728 46.260491
-123.611878 46.260165
-123.614128 46.259928
-123.616350 46.260158
-123.618539 46.260218
-123.620750 46.260773
-123.622837 46.260979
-123.624988 46.261472
-123.629193 46.262318
-123.632461 46.263428
-123.635502 46.264943
-123.638839 46.265355
-123.642676 46.265333
-123.645861 46.265934
-123.650423 46.264967
-123.654580 46.265803
-123.658305 46.266212
-123.662178 46.266055
-123.666041 46.266758
-123.669891 46.267179
-123.673872 46.268325
-123.676453 46.270192
-123.679427 46.272432
-123.680140 46.274892
-123.680888 46.277481
-123.681109 46.280179
-123.680855 46.282877
-123.679924 46.285489
-123.678788 46.288075
-123.674051 46.289349
-123.668862 46.289127
-123.663827 46.289655
-123.658930 46.290866
-123.654034 46.292077
-123.649137 46.293287
-123.644315 46.294601
-123.639979 46.296589
-123.635642 46.298577
-123.631476 46.300719
-123.627583 46.303108
-123.623826 46.305458
-123.629017 46.305241
-123.634207 46.305023
-123.639121 46.303922
-123.643975 46.302629
-123.648828 46.301336
-123.653681 46.300043
-123.658666 46.299347
-123.663855 46.299577
-123.669043 46.299808
-123.672705 46.300719
-123.670858 46.304088
-123.668013 46.307077
-123.664908 46.309969
-123.661672 46.312768
-123.657487 46.314907
-123.653301 46.317046
-123.649153 46.319219
-123.645105 46.321483
-123.641058 46.323746
-123.637009 46.326009
-123.632963 46.328274
-123.629157 46.330730
-123.625350 46.333187
-123.621543 46.335643
-123.617489 46.337840
-123.612726 46.339290
-123.607963 46.340741
-123.603199 46.342191
-123.598409 46.343598
-123.593603 46.344980
-123.588797 46.346361
-123.583990 46.347742
-123.579208 46.349163
-123.574440 46.350608
-123.572053 46.353697
-123.572364 46.357165
-123.575975 46.357972
-123.581056 46.357188
-123.585065 46.354903
-123.589373 46.353189
-123.594510 46.353351
-123.598614 46.355462
-123.601273 46.358278
-123.598837 46.361463
-123.596550 46.364697
-123.594471 46.368001
-123.597199 46.367776
-123.600533 46.365031
-123.603787 46.362218
-123.607041 46.359405
-123.610294 46.356592
-123.613547 46.353779
-123.616799 46.350965
-123.620051 46.348152
-123.623303 46.345338
-123.626889 46.340525
-123.633598 46.336411
-123.641538 46.335350
-123.641211 46.342956
-123.644703 46.340857
-123.645942 46.335325
-123.650331 46.332852
-123.654425 46.330795
-123.660447 46.333099
-123.662626 46.336371
-123.664806 46.339644
-123.666446 46.341768
-123.667045 46.339782
-123.667116 46.336093
-123.667180 46.332691
-123.667244 46.329380
-123.670783 46.328792
-123.672459 46.331995
-123.674348 46.330283
-123.675120 46.326499
-123.676421 46.321388
-123.681964 46.316918
-123.684441 46.316926
-123.687234 46.313485
-123.694178 46.312120
-123.700288 46.310571
-123.698111 46.312981
-123.696622 46.314629
-123.694725 46.316729
-123.691748 46.319684
-123.692841 46.325547
-123.687294 46.328694
-123.691252 46.329336
-123.689392 46.333316
-123.682641 46.338937
-123.693800 46.336692
-123.689556 46.341181
-123.684086 46.345444
-123.678391 46.348313
-123.677340 46.351631
-123.671242 46.354592
-123.677935 46.355596
-123.679492 46.359556
-123.670356 46.360834
-123.674752 46.363076
-123.671937 46.366782
-123.681427 46.361524
-123.680816 46.367765
-123.676997 46.371166
-123.681421 46.369266
-123.685844 46.367365
-123.685652 46.361598
-123.681919 46.357174
-123.680771 46.352645
-123.685217 46.348560
-123.687945 46.358839
-123.691658 46.361562
-123.694690 46.363564
-123.694126 46.360902
-123.689436 46.358551
-123.690319 46.354431
-123.689950 46.350836
-123.692212 46.347638
-123.694703 46.344474
-123.697053 46.344824
-123.699286 46.348079
-123.700674 46.346127
-123.701809 46.342610
-123.705443 46.341346
-123.708421 46.344301
-123.711144 46.347372
-123.714044 46.350153
-123.717832 46.349009
-123.716574 46.345513
-123.714292 46.342276
-123.711979 46.339048
-123.713854 46.336205
-123.716657 46.331826
-123.714735 46.330893
-123.709612 46.333189
-123.705349 46.335254
-123.702027 46.334355
-123.699885 46.331930
-123.705155 46.328495
-123.710437 46.328954
-123.713812 46.326212
-123.714861 46.324017
-123.709704 46.323584
-123.704565 46.323230
-123.704368 46.319752
-123.706821 46.319954
-123.708737 46.320112
-123.710635 46.320268
-123.711764 46.318393
-123.712721 46.316805
-123.713591 46.315361
-123.714183 46.314379
-123.719038 46.317865
-123.720920 46.315616
-123.723355 46.312551
-123.723238 46.309027
-123.719953 46.305869
-123.723197 46.303365
-123.725279 46.305332
-123.729943 46.307888
-123.731241 46.311304
-123.731906 46.314335
-123.735450 46.315706
-123.735134 46.314292
-123.734530 46.310986
-123.736861 46.307958
-123.734650 46.305452
-123.731084 46.302829
-123.727075 46.300281
-123.724693 46.297032
-123.724369 46.294889
-123.726821 46.293526
-123.727959 46.290003
-123.734150 46.289918
-123.740279 46.290221
-123.744602 46.293389
-123.747962 46.294336
-123.752282 46.292330
-123.752987 46.289400
-123.752196 46.287441
-123.752737 46.286343
-123.753586 46.284870
-123.754441 46.283794
-123.754107 46.281800
-123.755855 46.280573
-123.758214 46.280152
-123.759845 46.280508
-123.760870 46.282149
-123.761064 46.282492
-123.761477 46.282280
-123.761442 46.281272
-123.761518 46.280210
-123.761022 46.279070
-123.760622 46.278272
-123.759557 46.277280
-123.759354 46.276433
-123.759489 46.275304
-123.760693 46.274771
-123.763221 46.274400
-123.765364 46.273983
-123.767189 46.273629
-123.770343 46.273608
-123.771684 46.273914
-123.774813 46.274918
-123.777402 46.276305
-123.779157 46.277427
-123.781058 46.279637
-123.783006 46.280659
-123.786585 46.282209
-123.790212 46.283453
-123.794784 46.284582
-123.798893 46.285117
-123.802224 46.284813
-123.805951 46.283829
-123.808552 46.281965
-123.811787 46.280848
-123.812739 46.278375
-123.814773 46.276579
-123.816180 46.274376
-123.816909 46.272699
-123.818343 46.270267
-123.820285 46.270200
-123.822698 46.270993
-123.824730 46.270627
-123.825728 46.269711
-123.828061 46.270204
-123.830754 46.270836
-123.833508 46.270159
-123.836111 46.268925
-123.838977 46.267095
-123.839675 46.265227
-123.839209 46.263592
-123.840106 46.262811
-123.840970 46.262517
-123.842583 46.262730
-123.844477 46.261861
-123.846121 46.261615
-123.847530 46.261263
-123.849179 46.261367
-123.849690 46.262507
-123.850257 46.263906
-123.851373 46.263934
-123.851855 46.263237
-123.851879 46.262229
-123.851787 46.261348
-123.851284 46.260722
-123.852106 46.260140
-123.853046 46.259674
-123.853203 46.258925
-123.853085 46.257171
-123.853032 46.256174
-123.853364 46.255182
-123.853939 46.254463
-123.854978 46.254038
-123.856884 46.253297
-123.857683 46.251698
-123.858882 46.250378
-123.859846 46.249822
-123.860582 46.249591
-123.862056 46.249256
-123.863371 46.250407
-123.863765 46.251556
-123.864268 46.251327
-123.864565 46.249597
-123.865575 46.249490
-123.866776 46.249157
-123.867529 46.247889
-123.867595 46.246592
-123.867953 46.245559
-123.868436 46.244496
-123.868689 46.243403
-123.870105 46.242472
-123.871509 46.241575
-123.873328 46.240974
-123.875135 46.240471
-123.877104 46.240624
-123.879072 46.240774
-123.880959 46.241188
-123.882462 46.242638
-123.884579 46.242963
-123.887263 46.243368
-123.889406 46.243677
-123.891521 46.243982
-123.893714 46.243955
-123.895659 46.243112
-123.896638 46.244612
-123.898352 46.245756
-123.900438 46.246560
-123.902699 46.247089
-123.905015 46.247322
-123.907240 46.247700
-123.909770 46.248499
-123.911488 46.249412
-123.912993 46.250696
-123.914654 46.251879
-123.916868 46.252149
-123.919218 46.251853
-123.921268 46.250856
-123.923586 46.251649
-123.924519 46.253871
-123.924987 46.255487
-123.923966 46.259072
-123.924196 46.262683
-123.924826 46.266293
-123.925955 46.269825
-123.927543 46.273169
-123.927764 46.277055
-123.929682 46.281432
-123.929927 46.284436
-123.929933 46.287864
-123.931946 46.291736
-123.934072 46.293807
-123.936342 46.298243
-123.939054 46.301938
-123.941135 46.304432
-123.937816 46.307033
-123.938629 46.309789
-123.943816 46.308576
-123.945056 46.309664
-123.941507 46.310998
-123.946714 46.313925
-123.953958 46.317423
-123.958351 46.319414
-123.960378 46.322723
-123.962276 46.326112
-123.964437 46.329426
-123.966599 46.332740
-123.969128 46.335628
-123.974366 46.335382
-123.979604 46.335136
-123.984841 46.334890
-123.990079 46.334643
-123.995265 46.334078
-124.000450 46.333513
-124.005636 46.332947
-124.010822 46.332382
-124.015454 46.331830
-124.018942 46.331457
-124.022267 46.330743
-124.025503 46.329488
-124.023716 46.328942
-124.021928 46.328396
-124.020186 46.327810
-124.020161 46.326457
-124.020171 46.325128
-124.022115 46.325206
-124.023858 46.324997
-124.025329 46.324107
-124.026860 46.323270
-124.028548 46.322598
-124.030330 46.322044
-124.030834 46.321308
-124.029208 46.320854
-124.027273 46.321032
-124.025349 46.321263
-124.024069 46.320705
-124.023856 46.319377
-124.024100 46.318039
-124.024737 46.316765
-124.024755 46.315445
-124.024832 46.314097
-124.026025 46.313027
-124.027233 46.311964
-124.028508 46.310939
-124.029751 46.309895
-124.031348 46.308529
-124.032811 46.309305
-124.034671 46.309708
-124.036597 46.309933
-124.038508 46.310199
-124.040316 46.310700
-124.041932 46.311449
-124.043335 46.312389
-124.044855 46.312783
-124.046197 46.311846
-124.047148 46.310678
-124.048624 46.309865
-124.050533 46.309602
-124.052443 46.309681
-124.054279 46.310143
-124.056109 46.310616
-124.057965 46.310828
-124.059215 46.309973
-124.058370 46.309393
-124.056442 46.309180
-124.054750 46.308567
-124.053045 46.307920
-124.051171 46.307579
-124.049237 46.307628
-124.047289 46.307695
-124.045555 46.307176
-124.046528 46.306615
-124.046186 46.305617
-124.044445 46.305017
-124.043018 46.303280
-124.044004 46.302344
-124.045770 46.301957
-124.047101 46.301620
-124.048287 46.300706
-124.049607 46.299789
-124.050760 46.298828
-124.051104 46.297620
-124.049850 46.296774
-124.049424 46.295433
-124.051285 46.294860
-124.052338 46.293992
-124.053455 46.292916
-124.053568 46.291848
-124.052904 46.290723
-124.051556 46.290095
-124.051900 46.289040
-124.052166 46.288153
-124.051380 46.287159
-124.051235 46.285904
-124.052169 46.285235
-124.052451 46.284316
-124.052536 46.283401
-124.052629 46.282474
-124.052149 46.281621
-124.051184 46.280961
-124.050262 46.280273
-124.049067 46.279912
-124.047902 46.280099
-124.047107 46.280722
-124.045503 46.280767
-124.044351 46.280038
-124.043865 46.279749
-124.043185 46.279346
-124.042458 46.279565
-124.041752 46.279778
-124.040592 46.278982
-124.041031 46.278094
-124.041530 46.277074
-124.041649 46.276017
-124.041163 46.275047
-124.040656 46.274092
-124.040198 46.273125
-124.039741 46.272157
-124.039255 46.271187
-124.038845 46.270225
-124.038446 46.269353
-124.037886 46.268479
-124.037731 46.267487
-124.037732 46.266442
-124.037840 46.265350
-124.038101 46.264221
-124.038636 46.263309
-124.038931 46.264264
-124.038828 46.265408
-124.038744 46.266613
-124.038978 46.267778
-124.039412 46.269056
-124.039953 46.270338
-124.040619 46.271582
-124.041065 46.272787
-124.041738 46.274020
-124.042312 46.275194
-124.043510 46.276185
-124.045475 46.276328
-124.046693 46.275624
-124.048774 46.275233
-124.050703 46.275228
-124.052606 46.275207
-124.054050 46.276181
-124.055356 46.277140
-124.056595 46.278141
-124.057701 46.279212
-124.059239 46.279760
-124.060682 46.279160
-124.061785 46.278202
-124.063080 46.277356
-124.064408 46.276535
-124.065796 46.275764
-124.067191 46.274998
-124.068759 46.274127
-124.070205 46.273292
-124.071669 46.272433
-124.072857 46.271709
-124.074217 46.270911
-124.076150 46.269819
-124.077877 46.268846
-124.079308 46.267996
-124.080753 46.267158
-124.082206 46.266327
-124.083675 46.265510
-124.085039 46.264610
-124.085952 46.265533
-124.084203 46.266231
-124.082568 46.266980
-124.080893 46.267728
-124.079600 46.268336
-124.078204 46.269086
-124.076603 46.269837
-124.076108 46.271039
-124.076096 46.272403
-124.076616 46.273670
-124.076742 46.275242
-124.076867 46.276814
-124.076992 46.278386
-124.077017 46.279959
-124.077009 46.281533
-124.077002 46.283108
-124.076995 46.284682
-124.076908 46.286253
-124.076671 46.287819
-124.076434 46.289384
-124.076198 46.290950
-124.075935 46.292513
-124.075577 46.294068
-124.075219 46.295622
-124.074494 46.297113
-124.076446 46.297142
-124.077891 46.298026
-124.077861 46.299368
-124.077256 46.300650
-124.076730 46.301834
-124.074950 46.302360
-124.073679 46.303321
-124.072641 46.304376
-124.070939 46.305041
-124.069150 46.305531
-124.067211 46.305647
-124.065418 46.305289
-124.063846 46.304486
-124.062980 46.304590
-124.063087 46.305941
-124.063843 46.307170
-124.064737 46.308374
-124.065502 46.309618
-124.066253 46.310868
-124.066133 46.312206
-124.065464 46.313335
-124.063746 46.313979
-124.062028 46.314622
-124.061228 46.315522
-124.061822 46.316811
-124.062746 46.318547
-124.063584 46.320292
-124.062919 46.322084
-124.061749 46.326530
-124.060579 46.330976
-124.059523 46.335435
-124.058645 46.339913
-124.057761 46.344390
-124.056860 46.348866
-124.056059 46.353348
-124.055883 46.357866
-124.055709 46.362383
-124.055562 46.366901
-124.055416 46.371420
-124.057466 46.375704
-124.059567 46.379983
-124.061669 46.384261
-124.063777 46.388539
-124.065888 46.392815
-124.067998 46.397092
-124.069024 46.401486
-124.068898 46.406004
-124.068773 46.410523
-124.068635 46.415041
-124.068486 46.419559
-124.068338 46.424077
-124.066531 46.428348
-124.063981 46.432509
-124.061427 46.436669
-124.058863 46.440826
-124.056299 46.444983
-124.055878 46.449419
-124.056085 46.453936
-124.056292 46.458452
-124.056498 46.462969
-124.056705 46.467486
-124.056909 46.472003
-124.057113 46.476520
-124.057317 46.481037
-124.057521 46.485554
-124.057748 46.490070
-124.058039 46.494585
-124.058330 46.499100
-124.058621 46.503614
-124.058912 46.508129
-124.059212 46.512643
-124.059525 46.517157
-124.059838 46.521671
-124.060150 46.526185
-124.060463 46.530699
-124.060653 46.535216
-124.060743 46.539734
-124.060833 46.544253
-124.060924 46.548772
-124.061014 46.553290
-124.061105 46.557809
-124.061195 46.562328
-124.061286 46.566846
-124.061377 46.571365
-124.061467 46.575884
-124.061558 46.580402
-124.062307 46.584884
-124.063262 46.589355
-124.064218 46.593826
-124.065171 46.598297
-124.066113 46.602769
-124.067054 46.607241
-124.067996 46.611714
-124.068536 46.616210
-124.068752 46.620727
-124.068968 46.625244
-124.069180 46.629760
-124.069393 46.634277
-124.064801 46.637485
-124.060208 46.640692
-124.055616 46.643900
-124.050693 46.644915
-124.045241 46.642426
-124.039790 46.639936
-124.034339 46.637446
-124.028888 46.634956
-124.030087 46.631574
-124.033781 46.627857
-124.037475 46.624140
-124.041169 46.620423
-124.044863 46.616705
-124.045276 46.612947
-124.041783 46.609139
-124.038234 46.605356
-124.034634 46.601596
-124.031741 46.597581
-124.029317 46.593397
-124.026893 46.589214
-124.024463 46.585032
-124.022034 46.580850
-124.021970 46.576435
-124.022605 46.571951
-124.023240 46.567468
-124.023849 46.562982
-124.024441 46.558496
-124.025032 46.554009
-124.025334 46.549515
-124.025206 46.545011
-124.025078 46.540507
-124.024951 46.536003
-124.024831 46.531499
-124.024718 46.526994
-124.024605 46.522490
-124.024492 46.517985
-124.025276 46.513524
-124.026282 46.509072
-124.027278 46.504620
-124.028260 46.500166
-124.029241 46.495713
-124.028740 46.491227
-124.028158 46.486740
-124.027577 46.482253
-124.026995 46.477766
-124.026408 46.473279
-124.025819 46.468792
-124.025231 46.464305
-124.024642 46.459819
-124.023437 46.455400
-124.021973 46.451010
-124.020510 46.446620
-124.019046 46.442230
-124.017583 46.437840
-124.016119 46.433450
-124.015679 46.428979
-124.015679 46.424474
-124.015679 46.419969
-124.015679 46.415464
-124.015679 46.410959
-124.015679 46.406453
-124.015679 46.401948
-124.015679 46.397443
-124.015679 46.392938
-124.015679 46.388433
-124.015679 46.383928
-124.012378 46.380434
-124.007526 46.377431
-124.002543 46.374843
-123.996679 46.376798
-123.990814 46.378753
-123.984954 46.380714
-123.979094 46.382676
-123.973528 46.381982
-123.968110 46.379485
-123.962589 46.379861
-123.956979 46.382144
-123.951287 46.384304
-123.951287 46.388809
-123.951287 46.393314
-123.951287 46.397819
-123.950772 46.402113
-123.945061 46.404278
-123.939341 46.406432
-123.933567 46.408517
-123.929117 46.411187
-123.928802 46.415687
-123.928483 46.420187
-123.928142 46.424686
-123.927800 46.429185
-123.930051 46.433400
-123.932362 46.437613
-123.934652 46.441831
-123.934456 46.446329
-123.934223 46.450831
-123.933985 46.455333
-123.933746 46.459835
-123.936049 46.463982
-123.938770 46.468076
-123.941452 46.472182
-123.942542 46.476620
-123.943547 46.481071
-123.943792 46.485370
-123.939349 46.488668
-123.934898 46.491961
-123.930436 46.495247
-123.926981 46.499009
-123.924163 46.503073
-123.921327 46.507130
-123.918475 46.511182
-123.913709 46.513123
-123.907184 46.513123
-123.900658 46.513123
-123.895591 46.514153
-123.895442 46.518657
-123.895293 46.523161
-123.895144 46.527665
-123.895004 46.532169
-123.894872 46.536673
-123.894739 46.541178
-123.894607 46.545682
-123.898460 46.549114
-123.902977 46.552366
-123.907496 46.555619
-123.912014 46.558872
-123.916532 46.562126
-123.919851 46.565861
-123.921723 46.570177
-123.923596 46.574493
-123.925470 46.578808
-123.927352 46.583123
-123.929235 46.587437
-123.931118 46.591751
-123.935372 46.594897
-123.940681 46.597525
-123.945675 46.600401
-123.950185 46.603663
-123.954695 46.606923
-123.956289 46.611106
-123.956930 46.615589
-123.957570 46.620072
-123.957989 46.624568
-123.958405 46.629064
-123.958492 46.633454
-123.953210 46.636110
-123.947905 46.638740
-123.941987 46.640659
-123.936185 46.642709
-123.931002 46.645456
-123.925965 46.648330
-123.922905 46.652217
-123.920359 46.656367
-123.920252 46.660645
-123.921859 46.665012
-123.922526 46.669484
-123.920367 46.673430
-123.916342 46.676980
-123.911545 46.680046
-123.906471 46.682795
-123.900298 46.684293
-123.894250 46.685972
-123.888696 46.688356
-123.883152 46.690751
-123.877984 46.693516
-123.872814 46.696281
-123.867350 46.698733
-123.861577 46.700860
-123.855812 46.702997
-123.852058 46.705779
-123.853382 46.710191
-123.854705 46.714603
-123.856026 46.719016
-123.857347 46.723428
-123.862367 46.726134
-123.867804 46.728647
-123.873242 46.731160
-123.878693 46.733660
-123.884145 46.736158
-123.889597 46.738657
-123.894742 46.735969
-123.899880 46.733173
-123.905011 46.730372
-123.910139 46.727568
-123.915783 46.725522
-123.922197 46.724606
-123.928618 46.723713
-123.935064 46.722911
-123.941510 46.722108
-123.947064 46.724491
-123.952575 46.726926
-123.958026 46.729425
-123.963939 46.728500
-123.969963 46.726730
-123.975981 46.724950
-123.980738 46.722265
-123.983578 46.718206
-123.986417 46.714146
-123.989237 46.710080
-123.992046 46.706011
-123.994854 46.701941
-123.998847 46.704565
-124.002994 46.708052
-124.007142 46.711538
-124.011291 46.715024
-124.015441 46.718509
-124.021232 46.718851
-124.027657 46.717975
-124.034079 46.717091
-124.040498 46.717155
-124.046913 46.718065
-124.053328 46.718975
-124.059730 46.719927
-124.066130 46.720887
-124.072470 46.721980
-124.078526 46.723698
-124.084581 46.725417
-124.090629 46.727149
-124.096676 46.728881
-124.096563 46.736021
-124.096450 46.743161
-124.096410 46.750301
-124.096538 46.757441
-124.096665 46.764580
-124.096792 46.771720
-124.097310 46.778851
-124.097849 46.785982
-124.098391 46.793113
-124.099942 46.800173
-124.101492 46.807233
-124.103043 46.814294
-124.104840 46.821326
-124.106765 46.828343
-124.108691 46.835360
-124.110733 46.842360
-124.113098 46.849313
-124.115464 46.856267
-124.117922 46.863204
-124.120627 46.870099
-124.123333 46.876994
-124.126074 46.883880
-124.130251 46.890421
-124.134430 46.896961
-124.138610 46.903501
-124.134129 46.906796
-124.129654 46.910094
-124.124834 46.912400
-124.118666 46.910846
-124.112498 46.909292
-124.106903 46.907021
-124.101671 46.904296
-124.096367 46.901637
-124.092652 46.898474
-124.093102 46.893981
-124.093551 46.889488
-124.094000 46.884995
-124.094432 46.880501
-124.094865 46.876007
-124.095297 46.871514
-124.091094 46.868657
-124.085509 46.866288
-124.079910 46.863935
-124.074266 46.861634
-124.068622 46.859333
-124.064983 46.861640
-124.062100 46.865686
-124.059212 46.869731
-124.056310 46.873771
-124.053407 46.877810
-124.051468 46.882087
-124.049976 46.886473
-124.048490 46.890860
-124.047008 46.895247
-124.042516 46.897920
-124.036493 46.899719
-124.030407 46.901416
-124.024313 46.903101
-124.018206 46.904764
-124.012118 46.906458
-124.006068 46.908216
-124.000622 46.910497
-123.996732 46.914128
-123.992842 46.917758
-123.988951 46.921387
-123.983659 46.922836
-123.977124 46.922347
-123.970590 46.921859
-123.964163 46.921951
-123.958012 46.923541
-123.951826 46.925063
-123.945607 46.926523
-123.939498 46.928181
-123.933424 46.929904
-123.927320 46.931577
-123.921201 46.933224
-123.914989 46.934692
-123.908713 46.936034
-123.902454 46.937414
-123.896212 46.938830
-123.890013 46.940327
-123.883880 46.941951
-123.877727 46.943540
-123.871557 46.945099
-123.865615 46.947016
-123.859750 46.949053
-123.853829 46.951013
-123.847892 46.952951
-123.841876 46.954771
-123.837542 46.957940
-123.836925 46.961773
-123.841924 46.964439
-123.847701 46.966591
-123.852429 46.965867
-123.856171 46.962164
-123.860019 46.958511
-123.866287 46.959272
-123.872774 46.959960
-123.878857 46.960918
-123.882440 46.964694
-123.886224 46.968378
-123.891506 46.970222
-123.898075 46.970468
-123.904649 46.970651
-123.911224 46.970817
-123.917788 46.971107
-123.924345 46.971479
-123.930913 46.971747
-123.937354 46.972431
-123.943538 46.973969
-123.949696 46.975556
-123.954898 46.978235
-123.959840 46.981208
-123.964771 46.984191
-123.970901 46.983719
-123.977264 46.982572
-123.983638 46.981450
-123.990017 46.980345
-123.996279 46.980349
-124.002359 46.982071
-124.008443 46.983789
-124.014573 46.985427
-124.020703 46.987065
-124.019867 46.990398
-124.016622 46.994316
-124.013447 46.998261
-124.010296 47.002215
-124.011904 47.006211
-124.014906 47.010220
-124.017908 47.014228
-124.020908 47.018237
-124.023906 47.022246
-124.026905 47.026256
-124.029904 47.030266
-124.036060 47.031599
-124.042427 47.032753
-124.048795 47.033904
-124.055164 47.035054
-124.061561 47.036129
-124.067964 47.037185
-124.074368 47.038242
-124.080780 47.039274
-124.087193 47.040305
-124.093608 47.041312
-124.100165 47.040873
-124.106721 47.040434
-124.113286 47.040065
-124.119856 47.039732
-124.126322 47.039075
-124.132497 47.037507
-124.138654 47.035907
-124.144778 47.034248
-124.148331 47.031333
-124.148641 47.026835
-124.148967 47.022337
-124.149311 47.017840
-124.147841 47.013623
-124.144703 47.009664
-124.141537 47.005715
-124.138651 47.001726
-124.139170 46.997237
-124.139689 46.992748
-124.140190 46.988257
-124.140662 46.983765
-124.141133 46.979273
-124.138971 46.975241
-124.135416 46.971451
-124.131856 46.967664
-124.128284 46.963882
-124.124713 46.960100
-124.126789 46.955836
-124.128893 46.951569
-124.131009 46.947305
-124.133127 46.943042
-124.137176 46.939659
-124.142102 46.936676
-124.147009 46.933679
-124.151885 46.930658
-124.156914 46.927955
-124.163457 46.928389
-124.170014 46.928703
-124.174635 46.930103
-124.174009 46.934586
-124.173383 46.939069
-124.172757 46.943552
-124.172133 46.948036
-124.171531 46.952520
-124.170928 46.957005
-124.170325 46.961489
-124.169722 46.965974
-124.169734 46.970476
-124.169796 46.974979
-124.169858 46.979482
-124.169920 46.983985
-124.169981 46.988489
-124.170043 46.992992
-124.170105 46.997495
-124.170175 47.001994
-124.170246 47.006493
-124.170316 47.010992
-124.170387 47.015491
-124.170457 47.019990
-124.170528 47.024489
-124.170630 47.028987
-124.171170 47.033471
-124.171709 47.037955
-124.172249 47.042439
-124.172789 47.046923
-124.173329 47.051407
-124.173862 47.055892
-124.174388 47.060377
-124.174915 47.064861
-124.175441 47.069346
-124.175967 47.073831
-124.176494 47.078316
-124.177120 47.082795
-124.177749 47.087273
-124.178379 47.091752
-124.179009 47.096230
-124.179639 47.100709
-124.180295 47.105186
-124.180961 47.109662
-124.181627 47.114138
-124.182294 47.118614
-124.182960 47.123090
-124.184002 47.127525
-124.185412 47.131921
-124.186822 47.136316
-124.188232 47.140711
-124.189663 47.145103
-124.191099 47.149494
-124.192536 47.153885
-124.193933 47.158281
-124.195063 47.162714
-124.196194 47.167146
-124.197325 47.171579
-124.198456 47.176011
-124.199587 47.180444
-124.200717 47.184876
-124.201830 47.189311
-124.202943 47.193746
-124.204057 47.198180
-124.205171 47.202615
-124.206285 47.207049
-124.207399 47.211484
-124.220095 47.243527
-124.232790 47.275876
-124.242006 47.288083
-124.251284 47.300290
-124.268313 47.303525
-124.284792 47.308469
-124.289431 47.323117
-124.293521 47.339475
-124.307010 47.346677
-124.320682 47.353879
-124.324588 47.371518
-124.328494 47.389096
-124.334781 47.407468
-124.341190 47.426083
-124.342716 47.444516
-124.344486 47.463071
-124.347416 47.485471
-124.350285 47.507871
-124.357182 47.536069
-124.364017 47.564511
-124.368717 47.581723
-124.373600 47.599119
-124.381412 47.620908
-124.389408 47.642515
-124.401615 47.666318
-124.413822 47.689878
-124.416202 47.702879
-124.418705 47.715879
-124.423099 47.727903
-124.427494 47.740110
-124.436222 47.747495
-124.445011 47.754881
-124.459598 47.759703
-124.474308 47.764524
-124.477726 47.775328
-124.481083 47.786070
-124.487492 47.803099
-124.493717 47.820128
-124.505497 47.821715
-124.517216 47.823118
-124.537785 47.838499
-124.558293 47.853880
-124.583195 47.863280
-124.607914 47.872496
-124.620731 47.881713
-124.633427 47.890929
-124.638798 47.910094
-124.644108 47.929076
-124.657230 47.944091
-124.670292 47.959289
-124.674808 47.978881
-124.679325 47.998474
-124.681217 48.018921
-124.683230 48.039489
-124.692019 48.056091
-124.700808 48.072693
-124.699404 48.091308
-124.698000 48.110107
-124.717104 48.131531
-124.736086 48.152893
-124.720888 48.169311
-124.705690 48.185913
-124.698793 48.199524
-124.692018 48.213074
-124.698305 48.226684
-124.704713 48.240478
-124.692994 48.251709
-124.681215 48.262878
-124.683229 48.279114
-124.685182 48.295105
-124.676698 48.294678
-124.668214 48.294128
-124.663514 48.311279
-124.658814 48.328308
-124.664185 48.335083
-124.669495 48.341919
-124.679322 48.340881
-124.689088 48.340088
-124.710511 48.359131
-124.731995 48.378113
-124.721192 48.390930
-124.699280 48.390320
-124.677308 48.389709
-124.658326 48.388672
-124.639283 48.387878
-124.630128 48.375915
-124.620911 48.364075
-124.602601 48.369873
-124.584290 48.375488
-124.561829 48.362915
-124.539307 48.350098
-124.506104 48.338928
-124.472901 48.327698
-124.432984 48.308289
-124.393190 48.288879
-124.346315 48.275330
-124.299379 48.261902
-124.265626 48.259888
-124.231691 48.258118
-124.182679 48.240723
-124.133607 48.223328
-124.090028 48.198730
-124.046388 48.174072
-123.995790 48.169495
-123.945192 48.164917
-123.904298 48.161316
-123.863405 48.157898
-123.828187 48.157287
-123.792909 48.156677
-123.750489 48.162475
-123.708131 48.168091
-123.685792 48.159729
-123.663514 48.151489
-123.627077 48.144714
-123.590822 48.137878
-123.562990 48.140686
-123.535280 48.143493
-123.487490 48.128112
-123.439699 48.112915
-123.392702 48.112304
-123.345705 48.111694
-123.301027 48.111877
-123.256288 48.112121
-123.222902 48.130920
-123.189576 48.149902
-123.155092 48.150879
-123.120485 48.152099
-123.081300 48.123718
-123.041994 48.095092
-123.002626 48.095703
-122.963197 48.096313
-122.922792 48.099670
-122.882387 48.103088
-122.862184 48.120483
-122.841981 48.137878
-122.799012 48.142090
-122.757997 48.150513
-122.754029 48.126709
-122.751893 48.107483
-122.723207 48.100708
-122.694398 48.093872
-122.681703 48.064514
-122.669008 48.034912
-122.674684 47.998291
-122.680482 47.961486
-122.666810 47.937683
-122.653200 47.913513
-122.641908 47.895507
-122.630678 47.877502
-122.651185 47.866088
-122.671510 47.854675
-122.691591 47.836913
-122.711610 47.819274
-122.732790 47.794677
-122.753908 47.770324
-122.767885 47.745299
-122.781801 47.720275
-122.793032 47.708922
-122.804201 47.697692
-122.823000 47.693908
-122.841677 47.690307
-122.847414 47.671874
-122.853090 47.653319
-122.829714 47.654479
-122.806398 47.655517
-122.787294 47.664672
-122.768190 47.673888
-122.749513 47.700316
-122.730715 47.726501
-122.716798 47.746520
-122.702821 47.766479
-122.685609 47.784301
-122.668581 47.801879
-122.648500 47.816527
-122.628480 47.830871
-122.607423 47.846496
-122.586183 47.861877
-122.596193 47.895507
-122.606202 47.928893
-122.565187 47.919677
-122.524293 47.910278
-122.516297 47.876281
-122.508424 47.842284
-122.495301 47.814513
-122.482301 47.786681
-122.476380 47.766722
-122.470582 47.746703
-122.480409 47.713072
-122.490297 47.679503
-122.490297 47.653502
-122.490297 47.627684
-122.487917 47.602721
-122.485414 47.577513
-122.493898 47.553709
-122.502382 47.529906
-122.507815 47.516478
-122.513491 47.503111
-122.523501 47.476500
-122.533511 47.449706
-122.542483 47.429686
-122.551394 47.409728
-122.552493 47.382872
-122.553592 47.356322
-122.555789 47.341673
-122.557986 47.327269
-122.529117 47.315123
-122.500186 47.302916
-122.471195 47.307311
-122.442325 47.311705
-122.412113 47.320677
-122.382205 47.329527
-122.355411 47.339476
-122.328799 47.349486
-122.327579 47.375120
-122.326480 47.400877
-122.347598 47.426329
-122.368716 47.451903
-122.377688 47.473082
-122.386599 47.494322
-122.393313 47.520872
-122.400026 47.547728
-122.407900 47.565123
-122.415895 47.582274
-122.423525 47.620726
-122.431093 47.658873
-122.411989 47.696104
-122.392701 47.733275
-122.393800 47.768919
-122.394898 47.804503
-122.379579 47.816283
-122.364381 47.828124
-122.350099 47.848693
-122.335816 47.869506
-122.328919 47.893676
-122.321900 47.917907
-122.306092 47.935485
-122.290223 47.953307
-122.254212 47.964293
-122.218201 47.975280
-122.220093 48.002685
-122.221924 48.030090
-122.263123 48.050903
-122.304200 48.071472
-122.331605 48.093689
-122.359498 48.113098
-122.362794 48.147278
-122.366578 48.178284
-122.377015 48.199524
-122.387391 48.220520
-122.416505 48.213318
-122.445680 48.205872
-122.457398 48.186524
-122.469178 48.167115
-122.451417 48.149292
-122.433595 48.131531
-122.416810 48.119324
-122.401917 48.105530
-122.389405 48.092102
-122.370118 48.075683
-122.352479 48.054504
-122.375123 48.061279
-122.397706 48.068298
-122.413209 48.084900
-122.428712 48.101501
-122.451112 48.113281
-122.473390 48.124878
-122.493409 48.132874
-122.513490 48.140503
-122.524598 48.161683
-122.535706 48.182923
-122.536500 48.214295
-122.537293 48.245728
-122.521912 48.253480
-122.506410 48.261109
-122.485414 48.266480
-122.464479 48.271912
-122.443727 48.271302
-122.422914 48.270508
-122.416810 48.297486
-122.410890 48.324280
-122.442079 48.338074
-122.473207 48.351685
-122.502321 48.368531
-122.531313 48.385316
-122.546083 48.402528
-122.560915 48.419678
-122.575380 48.422486
-122.589784 48.425477
-122.601991 48.422913
-122.614198 48.420289
-122.628114 48.418885
-122.641908 48.417481
-122.653688 48.418702
-122.665407 48.419922
-122.674013 48.431275
-122.682619 48.442689
-122.697694 48.449280
-122.712892 48.455872
-122.710817 48.475098
-122.708681 48.494080
-122.682313 48.504883
-122.659303 48.511719
-122.635988 48.515687
-122.618105 48.509522
-122.595888 48.502930
-122.565310 48.501283
-122.534792 48.499879
-122.520815 48.528077
-122.506777 48.556275
-122.489931 48.565675
-122.473085 48.575318
-122.465700 48.598328
-122.458315 48.621522
-122.482606 48.644471
-122.506776 48.667481
-122.518006 48.712891
-122.536927 48.744874
-122.555785 48.776673
-122.584594 48.766480
-122.613403 48.756104
-122.620117 48.727723
-122.626892 48.699524
-122.622498 48.671692
-122.617982 48.643921
-122.646912 48.661316
-122.676026 48.678711
-122.701782 48.698487
-122.727478 48.718323
-122.742614 48.760315
-122.757687 48.802307
-122.772516 48.842895
-122.787285 48.883484
-122.808280 48.916870
-122.829215 48.950317
-122.852103 48.986694
-122.875113 49.023071
-122.892080 49.052673
-122.909109 49.082275
-122.964898 49.071289
-123.020808 49.060119
-123.021726 49.016724
-123.022581 48.973328
-123.053709 48.973328
-123.084898 48.973328
-123.102781 49.010071
-123.120479 49.046875
-123.158380 49.086914
-123.196220 49.126892
-123.203298 49.171325
-123.210315 49.215698
-123.238573 49.244873
-123.266892 49.274109
-123.268295 49.305114
-123.269698 49.336120
-123.266706 49.383300
-123.264691 49.428283
-123.263775 49.460327
-123.262797 49.493286
-123.261759 49.526123
-123.251505 49.540710
-123.241190 49.555297
-123.230874 49.581909
-123.220559 49.608520
-123.212990 49.623474
-123.205483 49.638305
-123.189979 49.652893
-123.174598 49.667480
-123.173682 49.678283
-123.172767 49.689087
-123.191871 49.678283
-123.210975 49.667480
-123.222755 49.656494
-123.234657 49.645691
-123.244790 49.621887
-123.254861 49.598083
-123.271158 49.573303
-123.287455 49.548523
-123.295268 49.525329
-123.302959 49.502075
-123.309796 49.457519
-123.316572 49.412902
-123.330977 49.375671
-123.345383 49.338318
-123.387680 49.338318
-123.436570 49.340088
-123.478867 49.378479
-123.531174 49.389526
-123.583481 49.400696
-123.638108 49.417297
-123.692674 49.434082
-123.747972 49.447876
-123.803270 49.461731
-123.849169 49.467102
-123.895068 49.472473
-123.921191 49.468689
-123.947193 49.465088
-123.963001 49.467529
-123.978687 49.470093
-123.994800 49.488708
-124.010974 49.507324
-124.003100 49.527893
-123.995288 49.548706
-124.007189 49.572326
-124.019274 49.595886
-124.032397 49.599914
-124.045764 49.604126
-124.056079 49.609497
-124.066394 49.614929
-124.067675 49.626892
-124.068896 49.638916
-124.085070 49.645080
-124.101184 49.651306
-124.124377 49.655273
-124.147571 49.659485
-124.171375 49.665283
-124.195301 49.671325
-124.204212 49.687927
-124.213001 49.704712
-124.198963 49.725891
-124.190112 49.744690
-124.153674 49.752502
-124.122484 49.758117
-124.095811 49.764709
-124.069077 49.771484
-124.050095 49.779297
-124.031174 49.787109
-124.011093 49.790283
-123.991073 49.793701
-124.001205 49.820495
-124.011092 49.847107
-124.040268 49.837280
-124.069382 49.827514
-124.087876 49.812683
-124.108995 49.802673
-124.133470 49.796508
-124.162584 49.791870
-124.196276 49.788879
-124.236072 49.785888
-124.252674 49.763672
-124.262684 49.744690
-124.304799 49.752075
-124.346792 49.759277
-124.390494 49.767517
-124.434073 49.775879
-124.476371 49.789306
-124.518669 49.802673
-124.528008 49.835876
-124.537102 49.869079
-124.582696 49.877502
-124.628107 49.885925
-124.674677 49.919921
-124.721309 49.953918
-124.754085 49.977478
-124.790100 50.002930
-124.835764 49.984122
-124.881395 49.965297
-124.926990 49.946455
-124.972549 49.927595
-125.018071 49.908718
-125.063558 49.889823
-125.109009 49.870911
-125.091492 49.851074
-125.040405 49.819519
-124.989381 49.788086
-124.956726 49.765930
-124.924011 49.743896
-124.890624 49.723877
-124.857115 49.703674
-124.872496 49.688476
-124.888000 49.673279
-124.894775 49.651489
-124.901611 49.629516
-124.897094 49.605530
-124.892699 49.581299
-124.879882 49.554687
-124.867003 49.528076
-124.835875 49.508301
-124.804808 49.488708
-124.783506 49.475891
-124.762388 49.463074
-124.726804 49.453674
-124.691281 49.444275
-124.669186 49.435486
-124.647213 49.426514
-124.609005 49.402710
-124.570797 49.379089
-124.523311 49.370483
-124.475703 49.361877
-124.402887 49.362915
-124.361383 49.349121
-124.319879 49.335327
-124.275506 49.322510
-124.231194 49.309875
-124.199700 49.307678
-124.168388 49.305298
-124.131889 49.284119
-124.095573 49.262695
-124.053703 49.253113
-124.011772 49.243286
-123.981376 49.238525
-123.950797 49.233704
-123.912589 49.215881
-123.874381 49.198120
-123.847098 49.200928
-123.819815 49.203491
-123.791190 49.182922
-123.762504 49.162109
-123.729484 49.159912
-123.696403 49.157715
-123.683098 49.132080
-123.669670 49.106506
-123.643975 49.078491
-123.611383 49.043884
-123.578791 49.016480
-123.543208 48.990906
-123.518001 48.969910
-123.495480 48.954285
-123.517208 48.952698
-123.538998 48.951111
-123.554622 48.964478
-123.570186 48.977905
-123.588008 48.995483
-123.605708 49.013489
-123.622004 49.025696
-123.638300 49.037903
-123.668084 49.073486
-123.696588 49.073914
-123.725091 49.074280
-123.738885 49.056091
-123.752680 49.037903
-123.755671 49.013916
-123.758601 48.989929
-123.749507 48.967102
-123.740474 48.944275
-123.713009 48.923279
-123.685604 48.902100
-123.651791 48.882080
-123.617978 48.862305
-123.601682 48.839111
-123.585325 48.816101
-123.586607 48.799683
-123.588011 48.783325
-123.589415 48.769898
-123.590697 48.756287
-123.586608 48.743897
-123.582579 48.731690
-123.570494 48.723877
-123.558410 48.716126
-123.547484 48.703674
-123.536376 48.691284
-123.523009 48.684692
-123.509704 48.678284
-123.494506 48.686523
-123.479308 48.694885
-123.459106 48.697083
-123.438903 48.699524
-123.422180 48.698486
-123.405517 48.697327
-123.404724 48.673096
-123.403991 48.648682
-123.395080 48.619507
-123.386108 48.590271
-123.376587 48.556091
-123.367188 48.521729
-123.331787 48.503723
-123.296387 48.485474
-123.291199 48.457519
-123.286011 48.429504
-123.320984 48.417114
-123.355408 48.407287
-123.381897 48.438904
-123.414978 48.436523
-123.448121 48.434082
-123.464600 48.418091
-123.481202 48.402099
-123.501893 48.388672
-123.522584 48.375305
-123.531495 48.345703
-123.540406 48.316101
-123.596192 48.314514
-123.651978 48.312927
-123.693482 48.341492
-123.734986 48.369873
-123.776124 48.365479
-123.817323 48.360901
-123.852906 48.369873
-123.888490 48.378723
-123.934205 48.388306
-123.979798 48.397888
-124.016419 48.408692
-124.052918 48.419495
-124.093323 48.430298
-124.133607 48.441101
-124.164307 48.448120
-124.195008 48.455323
-124.218506 48.461487
-124.242005 48.467530
-124.264405 48.474671
-124.286927 48.481873
-124.297180 48.492676
-124.307312 48.503296
-124.330811 48.504517
-124.354492 48.505677
-124.380493 48.512512
-124.406616 48.519104
-124.426514 48.521485
-124.446411 48.524109
-124.459778 48.536926
-124.473205 48.549500
-124.484924 48.546082
-124.496521 48.542481
-124.517395 48.546692
-124.538391 48.550720
-124.555786 48.554321
-124.573181 48.557922
-124.593323 48.561279
-124.613403 48.564881
-124.638794 48.573120
-124.664124 48.581482
-124.688599 48.587524
-124.713196 48.593689
-124.736694 48.604309
-124.760193 48.615112
-124.785706 48.634521
-124.811280 48.653931
-124.834229 48.661682
-124.857178 48.669312
-124.884278 48.676331
-124.911378 48.683472
-124.934876 48.691712
-124.958314 48.699890
-124.982484 48.703674
-125.006409 48.707519
-125.034607 48.715881
-125.062622 48.724487
-125.078979 48.721924
-125.095276 48.719299
-125.106628 48.725708
-125.117920 48.731873
-125.127991 48.753479
-125.138184 48.774902
-125.158875 48.792908
-125.179626 48.811096
-125.158875 48.823914
-125.138306 48.836914
-125.125000 48.847717
-125.111816 48.858704
-125.102112 48.868286
-125.092407 48.878113
-125.081604 48.882690
-125.070923 48.887329
-125.061707 48.885681
-125.052490 48.884277
-125.043213 48.884521
-125.033813 48.884888
-125.025391 48.898682
-125.016907 48.912720
-125.024597 48.918518
-125.032288 48.924500
-125.031982 48.930115
-125.031616 48.935730
-125.021484 48.940125
-125.011414 48.944519
-125.003113 48.948730
-124.994813 48.952881
-124.988893 48.960083
-124.982911 48.967529
-124.975099 48.970886
-124.967225 48.974304
-124.956483 48.973084
-124.945801 48.972290
-124.930726 48.973084
-124.915589 48.974121
-124.905518 48.977112
-124.895386 48.979920
-124.880005 48.989319
-124.869812 48.998901
-124.860779 49.009522
-124.854187 49.016480
-124.846985 49.029907
-124.839904 49.043091
-124.837890 49.054688
-124.834228 49.064087
-124.826293 49.076294
-124.818481 49.089478
-124.812377 49.101685
-124.806213 49.114075
-124.797484 49.129272
-124.788878 49.144714
-124.793700 49.158508
-124.798522 49.172119
-124.804381 49.178528
-124.810180 49.185120
-124.810302 49.192688
-124.810424 49.200500
-124.810912 49.208679
-124.811584 49.217102
-124.811400 49.226074
-124.811217 49.235291
-124.813903 49.243713
-124.816588 49.251892
-124.826110 49.251526
-124.835693 49.251099
-124.833312 49.241882
-124.830810 49.232727
-124.828124 49.221130
-124.825378 49.209473
-124.825500 49.200684
-124.825805 49.192078
-124.823180 49.181519
-124.820495 49.170898
-124.814880 49.163330
-124.809325 49.155884
-124.809325 49.145325
-124.809325 49.134522
-124.817077 49.124878
-124.824890 49.115295
-124.831420 49.098877
-124.839599 49.083496
-124.847290 49.070496
-124.853088 49.058289
-124.856201 49.047119
-124.859985 49.036316
-124.865295 49.025696
-124.872192 49.016113
-124.880493 49.009277
-124.890503 49.001526
-124.901184 48.994080
-124.910889 48.989075
-124.921875 48.987671
-124.932923 48.986511
-124.944092 48.986877
-124.955384 48.987488
-124.969422 48.986328
-124.983399 48.985291
-124.988404 48.992493
-124.993409 48.999878
-125.001526 49.003906
-125.009521 49.007874
-125.017578 49.011475
-125.025818 49.015076
-125.033508 49.018311
-125.041382 49.021729
-125.046875 49.022278
-125.052490 49.022705
-125.053101 49.018127
-125.053589 49.013489
-125.046692 49.012512
-125.039917 49.011719
-125.031494 49.008301
-125.023193 49.004883
-125.016479 49.001526
-125.009888 48.997925
-125.005981 48.993713
-125.002075 48.989502
-124.999513 48.981873
-124.996888 48.974487
-125.006775 48.968079
-125.016785 48.961914
-125.034912 48.965088
-125.052979 48.968323
-125.067627 48.967712
-125.082092 48.966919
-125.095398 48.968323
-125.108582 48.969727
-125.121521 48.982910
-125.134399 48.996094
-125.148499 48.994507
-125.162598 48.992676
-125.174011 48.985474
-125.185303 48.978088
-125.195312 48.969116
-125.205322 48.960083
-125.217102 48.955688
-125.228882 48.951477
-125.242981 48.952881
-125.257080 48.954529
-125.275330 48.960327
-125.293579 48.966309
-125.308777 48.967712
-125.324097 48.969299
-125.316589 48.978882
-125.309021 48.988281
-125.313110 49.002686
-125.317200 49.017090
-125.326416 49.027710
-125.335510 49.038513
-125.345215 49.036499
-125.354797 49.034485
-125.359375 49.018677
-125.364014 49.002930
-125.374329 48.996704
-125.384583 48.990479
-125.393188 48.982483
-125.401794 48.974304
-125.414612 48.967529
-125.427490 48.960876
-125.435608 48.955322
-125.443726 48.949890
-125.453918 48.940674
-125.464111 48.931274
-125.477905 48.925720
-125.491699 48.920105
-125.515015 48.929077
-125.538208 48.938110
-125.561096 48.940674
-125.583801 48.943298
-125.599609 48.954712
-125.615295 48.966125
-125.669689 48.936487
-125.725688 48.908203
-125.781160 48.879504
-125.836043 48.850341
-125.890794 48.821097
-125.945534 48.791870
-126.000282 48.762679
-126.054929 48.733432
-126.109456 48.704114
-126.163891 48.674750
-126.218327 48.645413
-126.272757 48.616098
-126.327065 48.586713
-126.384356 48.555669
-126.449278 48.520412
-126.522829 48.480360
-126.606128 48.434845
-126.700469 48.383134
-126.807292 48.324376
-126.928228 48.257611
-127.064560 48.181307
-127.216444 48.092738
-127.382655 47.987946
-127.382542 47.837334
-127.382459 47.686719
-127.382407 47.536101
-127.382385 47.385480
-127.382393 47.234856
-127.382432 47.084230
-127.382500 46.933601
-127.382598 46.782969
-127.382726 46.632334
-127.382883 46.481697
-127.383069 46.331057
-127.383284 46.180414
-127.383528 46.029768
-127.383801 45.879119
-127.384103 45.728468
-127.384433 45.577814
-127.384791 45.427157
-127.385177 45.276497
-127.385592 45.125835
-127.386034 44.975169
-127.386505 44.824502
-127.387003 44.673831
-127.387528 44.523158
-127.388081 44.372482
-127.388661 44.221803
-127.389269 44.071121
-127.389903 43.920437
-127.390565 43.769751
-127.391253 43.619061
-127.391968 43.468369
-127.392710 43.317674
-127.393478 43.166977
nan nan
-124.037317 46.280996
-124.037052 46.281985
-124.036072 46.282435
-124.035183 46.283174
-124.033791 46.283034
-124.032385 46.282645
-124.030804 46.282650
-124.029161 46.282919
-124.027536 46.283065
-124.026153 46.283404
-124.025539 46.284475
-124.025305 46.285620
-124.025341 46.286780
-124.025378 46.287939
-124.025615 46.289088
-124.025796 46.290241
-124.025267 46.291317
-124.024055 46.291278
-124.023139 46.290215
-124.023067 46.288953
-124.022418 46.287869
-124.022316 46.286780
-124.022451 46.285568
-124.022105 46.284445
-124.021377 46.283408
-124.020436 46.282448
-124.019424 46.281530
-124.018110 46.280874
-124.016661 46.280260
-124.015893 46.279317
-124.015305 46.278314
-124.015051 46.277246
-124.014780 46.276178
-124.014403 46.275127
-124.014006 46.274079
-124.013498 46.273054
-124.012746 46.272105
-124.011897 46.271165
-124.011243 46.270255
-124.010524 46.269249
-124.009745 46.268310
-124.008933 46.267384
-124.007783 46.267868
-124.006844 46.268876
-124.004945 46.268384
-124.005193 46.267277
-124.005233 46.265972
-124.005578 46.264927
-124.006621 46.264132
-124.008035 46.264419
-124.009427 46.264888
-124.010786 46.265404
-124.011770 46.266227
-124.012726 46.267073
-124.013713 46.267901
-124.014743 46.268705
-124.015773 46.269508
-124.016802 46.270312
-124.017832 46.271115
-124.018916 46.271877
-124.020177 46.272502
-124.021438 46.273128
-124.022776 46.273618
-124.024312 46.273762
-124.025848 46.273907
-124.027365 46.273889
-124.028920 46.274196
-124.029395 46.275093
-124.030387 46.275931
-124.031592 46.276521
-124.032720 46.277414
-124.033575 46.278196
-124.034855 46.278949
-124.036008 46.279622
-124.037190 46.280305
nan nan
-123.990818 46.264919
-123.989260 46.264896
-123.987784 46.264570
-123.986725 46.263795
-123.985678 46.263063
-123.984131 46.262945
-123.982570 46.262952
-123.981011 46.263010
-123.979514 46.262734
-123.977957 46.262800
-123.976416 46.262973
-123.974887 46.263195
-123.973371 46.263454
-123.971841 46.263668
-123.970324 46.263917
-123.969264 46.264650
-123.968753 46.265672
-123.968024 46.266603
-123.966516 46.266536
-123.965192 46.266008
-123.964553 46.265043
-123.964104 46.263833
-123.964555 46.262886
-123.966086 46.262164
-123.968279 46.261778
-123.970771 46.261298
-123.973173 46.261342
-123.975152 46.261184
-123.977507 46.260852
-123.979872 46.260973
-123.981337 46.261361
-123.983426 46.261592
-123.985427 46.261858
-123.987711 46.262093
-123.989708 46.262160
-123.991578 46.261946
-123.993700 46.262097
-123.995257 46.262677
-123.993353 46.263230
-123.991488 46.263727
nan nan
-123.766296 46.206712
-123.766462 46.207493
-123.766421 46.208241
-123.766277 46.209052
-123.765627 46.209875
-123.764407 46.210702
-123.762526 46.211570
-123.760328 46.211842
-123.758797 46.212801
-123.757981 46.212878
-123.757871 46.212384
-123.758484 46.211342
-123.759385 46.210313
-123.759775 46.209491
-123.760488 46.208559
-123.761238 46.207456
-123.761937 46.206453
-123.763003 46.205771
-123.763869 46.205549
-123.765050 46.205649
-123.766079 46.206002
nan nan
-122.504581 47.339476
-122.520206 47.338500
-122.521304 47.360716
-122.522403 47.382872
-122.520205 47.401915
-122.518008 47.420897
-122.510195 47.443114
-122.502383 47.465269
-122.481203 47.486510
-122.460085 47.507689
-122.447878 47.485289
-122.435610 47.463072
-122.428897 47.442076
-122.422183 47.421080
-122.397708 47.403074
-122.373294 47.385069
-122.401126 47.375120
-122.428897 47.365111
-122.458987 47.352904
-122.489017 47.340697
nan nan
-122.557984 48.116089
-122.536805 48.107117
-122.515687 48.098328
-122.493409 48.094483
-122.471192 48.090698
-122.456727 48.069885
-122.442323 48.049316
-122.419984 48.042480
-122.397706 48.035705
-122.383301 48.023498
-122.368714 48.011474
-122.355103 47.986877
-122.341309 47.962524
-122.360718 47.934691
-122.379884 47.906920
-122.405579 47.913512
-122.431092 47.920287
-122.447877 47.951476
-122.464478 47.982482
-122.503114 47.975891
-122.541810 47.969116
-122.568788 47.999328
-122.595887 48.029297
-122.602479 48.055481
-122.609193 48.081726
-122.616212 48.108093
-122.623414 48.134522
-122.648011 48.143494
-122.672792 48.152527
-122.695008 48.172730
-122.717103 48.193115
-122.745912 48.207092
-122.774781 48.220886
-122.757386 48.248108
-122.739930 48.275086
-122.724488 48.296326
-122.708985 48.317505
-122.687684 48.343689
-122.674012 48.367493
-122.667604 48.383118
-122.669008 48.396302
-122.660890 48.398926
-122.652711 48.401673
-122.639284 48.402894
-122.625917 48.404114
-122.616212 48.404298
-122.606508 48.404481
-122.597780 48.401490
-122.589113 48.398682
-122.578493 48.381898
-122.567811 48.365296
-122.551027 48.348878
-122.534181 48.332276
-122.519410 48.316529
-122.504579 48.300721
-122.526795 48.288514
-122.549012 48.276307
-122.570313 48.288514
-122.591310 48.300721
-122.614991 48.280884
-122.638612 48.261109
-122.627198 48.238709
-122.607484 48.209107
-122.593690 48.189514
-122.582520 48.171692
-122.571412 48.153931
-122.564698 48.134888
nan nan
-123.712397 49.020508
-123.684382 49.012695
-123.656306 49.004883
-123.642207 48.983521
-123.628109 48.962280
-123.644405 48.938904
-123.666622 48.957520
-123.688777 48.976074
-123.700618 48.998291
nan nan
-123.599178 48.946716
-123.579098 48.937500
-123.559078 48.928284
-123.541683 48.920288
-123.524105 48.912720
-123.503598 48.898315
-123.482907 48.883911
-123.462095 48.872314
-123.441282 48.860718
-123.432798 48.853088
-123.424375 48.845276
-123.426207 48.829895
-123.428099 48.814697
-123.412291 48.806885
-123.396300 48.799072
-123.381102 48.787109
-123.365783 48.775330
-123.384093 48.762085
-123.407775 48.751282
-123.426879 48.734314
-123.448485 48.725098
-123.470214 48.716126
-123.484008 48.714722
-123.497802 48.713318
-123.510680 48.722473
-123.523497 48.731690
-123.536925 48.739075
-123.550109 48.746277
-123.556700 48.753296
-123.563109 48.760071
-123.555174 48.771729
-123.547178 48.783325
-123.547789 48.793274
-123.548399 48.803284
-123.558714 48.821900
-123.568906 48.840515
-123.575803 48.863892
-123.582699 48.887085
-123.590878 48.916870
nan nan
-123.405881 48.926086
-123.380002 48.916321
-123.354307 48.906677
-123.334104 48.897888
-123.313902 48.889282
-123.314818 48.878113
-123.315611 48.867126
-123.323424 48.868713
-123.331175 48.870483
-123.338804 48.869080
-123.346495 48.867676
-123.353697 48.863709
-123.360899 48.859924
-123.373411 48.863525
-123.385801 48.866882
-123.396909 48.872681
-123.408201 48.878296
-123.419675 48.888916
-123.431211 48.899475
-123.445615 48.913330
-123.459897 48.927124
-123.432919 48.926697
nan nan
-122.713196 48.610474
-122.692384 48.592896
-122.676026 48.575684
-122.678712 48.553284
-122.685609 48.543275
-122.705690 48.542725
-122.725709 48.542298
-122.732789 48.556885
-122.739808 48.571290
-122.736512 48.583130
-122.733277 48.594910
-122.727112 48.601929
nan nan
-123.301817 48.866089
-123.295409 48.870117
-123.289000 48.873901
-123.273314 48.867309
-123.257506 48.860474
-123.236998 48.844299
-123.216308 48.828125
-123.190490 48.816895
-123.164611 48.805725
-123.151916 48.782105
-123.139099 48.758301
-123.168396 48.745483
-123.197815 48.732483
-123.256714 48.748108
-123.315612 48.763672
-123.319884 48.782898
-123.324096 48.802307
-123.325316 48.815918
-123.326598 48.829712
-123.335326 48.838928
-123.343992 48.848083
-123.338377 48.852295
-123.332823 48.856506
-123.321593 48.853882
-123.310484 48.851685
-123.306212 48.858887
nan nan
-122.790894 48.635071
-122.792176 48.615296
-122.793397 48.595520
-122.783875 48.573487
-122.774415 48.551331
-122.773927 48.533509
-122.773378 48.515687
-122.794496 48.498475
-122.815614 48.481080
-122.811708 48.450684
-122.807923 48.420288
-122.831788 48.428528
-122.855714 48.436524
-122.874391 48.428894
-122.893006 48.421082
-122.907716 48.429871
-122.922425 48.438721
-122.935792 48.456482
-122.949098 48.474488
-122.949891 48.505677
-122.950685 48.536927
-122.974610 48.555726
-122.998597 48.574280
-123.018311 48.593323
-123.038209 48.612305
-123.022584 48.633484
-123.007020 48.654724
-122.986084 48.669495
-122.965210 48.684082
-122.935181 48.701477
-122.905090 48.718689
-122.868103 48.708924
-122.831177 48.699097
-122.787109 48.680725
-122.743286 48.662110
-122.767090 48.648682
nan nan
-123.403196 48.850891
-123.393187 48.847107
-123.383299 48.843323
-123.367674 48.836731
-123.352110 48.830322
-123.360777 48.818481
-123.369506 48.806519
-123.386412 48.819092
-123.403196 48.831482
-123.403196 48.841125
nan nan
-123.040406 48.570130
-123.014588 48.549927
-122.988893 48.529725
-122.990724 48.506104
-122.992494 48.482483
-123.021913 48.473877
-123.051576 48.465516
-123.098328 48.486878
-123.145020 48.508301
-123.162781 48.535889
-123.180603 48.563477
-123.168701 48.593079
-123.156800 48.622681
-123.127991 48.613098
-123.098999 48.603699
-123.069703 48.586914
nan nan
-125.050110 48.936707
-125.051697 48.925903
-125.058777 48.919311
-125.065796 48.912903
-125.076294 48.905701
-125.086914 48.898682
-125.101624 48.891480
-125.116211 48.884521
-125.129883 48.875488
-125.143311 48.866516
-125.158875 48.854309
-125.174377 48.841919
-125.187378 48.833679
-125.200317 48.825317
-125.213806 48.822082
-125.227295 48.818909
-125.215027 48.835083
-125.202698 48.851501
-125.189209 48.860107
-125.175781 48.868530
-125.164124 48.876526
-125.152527 48.884705
-125.144409 48.890503
-125.136292 48.896484
-125.122986 48.908691
-125.109680 48.921082
-125.104675 48.929687
-125.099487 48.938294
-125.091797 48.942505
-125.084229 48.946472
-125.075684 48.947693
-125.067200 48.949097
-125.057800 48.948303
-125.048401 48.947510
nan nan
-123.959991 46.411759
-123.964673 46.412216
-123.966651 46.416543
-123.968657 46.420864
-123.969903 46.425278
-123.970180 46.429812
-123.970485 46.434345
-123.970804 46.438878
-123.976521 46.440873
-123.982501 46.442746
-123.988434 46.444688
-123.994364 46.446635
-123.994738 46.450808
-123.994235 46.455333
-123.993732 46.459857
-123.993203 46.464380
-123.992672 46.468904
-123.992182 46.473428
-123.992182 46.477966
-123.992182 46.482504
-123.992182 46.487041
-123.990207 46.491207
-123.986872 46.495117
-123.983581 46.499045
-123.980787 46.499929
-123.978848 46.495593
-123.976911 46.491257
-123.974997 46.486916
-123.973082 46.482575
-123.968352 46.479605
-123.963081 46.476897
-123.957832 46.474169
-123.953203 46.471063
-123.949946 46.467122
-123.946653 46.463196
-123.944558 46.459085
-123.945088 46.454562
-123.945680 46.450042
-123.946315 46.445526
-123.945829 46.441011
-123.945179 46.436495
-123.944604 46.431975
-123.943928 46.427461
-123.943161 46.422955
-123.943438 46.418738
-123.948352 46.415731
-123.953884 46.413417
